No	TMNo	EnNo	Name		GMNo	Mode	IN/OUT	Antipass	DaiGong	DateTime
1	1	00000001		1	1	 	0	0	2014-12-18  14:08:03
2	1	00000001		1	1	 	0	0	2015-06-22  08:36:49
3	1	00000001		1	1	 	0	0	2015-06-22  08:36:50
4	1	00000001		1	1	 	0	0	2015-06-24  15:01:24
5	1	00000001		1	1	 	0	0	2015-06-24  15:01:52
6	1	00000001		1	1	 	0	0	2015-06-24  15:02:02
7	1	00000001		1	1	 	0	0	2015-06-24  15:03:47
8	1	00000002		1	1	 	0	0	2015-06-24  15:20:28
9	1	00000010		1	1	 	0	0	2015-11-24  10:46:35
10	1	00000010		1	1	 	0	0	2015-11-24  10:46:36
11	1	00000010		1	1	 	0	0	2015-11-24  10:46:37
12	1	00000010		1	1	 	0	0	2015-11-24  10:46:38
13	1	00000010		1	1	 	0	0	2015-11-24  10:46:39
14	1	00000010		1	1	 	0	0	2015-11-24  10:46:40
15	1	00000010		1	1	 	0	0	2015-11-24  10:46:41
16	1	00000010		1	1	 	0	0	2015-11-24  10:47:01
17	1	00000010		1	1	 	0	0	2015-11-24  10:47:02
18	1	00000010		1	1	 	0	0	2015-11-24  10:47:03
19	1	00000010		1	1	 	0	0	2015-11-24  10:48:07
20	1	00000010		1	1	 	0	0	2015-11-24  10:48:08
21	1	00000010		1	1	 	0	0	2015-11-24  10:48:17
22	1	00000010		1	1	 	0	0	2015-11-24  10:48:18
23	1	00000010		1	1	 	0	0	2015-11-24  10:48:26
24	1	00000010		1	1	 	0	0	2015-11-24  10:49:23
25	1	00000010		1	1	 	0	0	2015-11-24  10:49:24
26	1	00000010		1	1	 	0	0	2015-11-24  10:49:39
27	1	00000010		1	1	 	0	0	2015-11-24  10:49:40
28	1	00000011		1	1	 	0	0	2015-11-24  10:53:10
29	1	00000012		1	1	 	0	0	2015-11-24  10:57:50
30	1	00000012		1	1	 	0	0	2015-11-24  10:57:51
31	1	00000012		1	1	 	0	0	2015-11-24  10:57:51
32	1	00000012		1	1	 	0	0	2015-11-24  10:57:56
33	1	00000003		1	1	 	0	0	2015-11-24  11:10:31
34	1	00000003		1	1	 	0	0	2015-11-24  11:10:39
35	1	00000006		1	1	 	0	0	2015-11-24  11:13:22
36	1	00000006		1	1	 	0	0	2015-11-24  11:13:52
37	1	00000013		1	1	 	0	0	2015-11-24  11:43:31
38	1	00000013		1	1	 	0	0	2015-11-24  11:43:56
39	1	00000013		1	1	 	0	0	2015-11-24  11:43:57
40	1	00000014		1	1	 	0	0	2015-11-24  11:47:31
41	1	00000014		1	1	 	0	0	2015-11-24  11:47:37
42	1	00000013		1	1	 	0	0	2015-11-24  11:47:51
43	1	00000014		1	1	 	0	0	2015-11-24  11:47:57
44	1	00000015		1	1	 	0	0	2015-11-24  11:49:12
45	1	00000002		1	1	 	0	0	2015-11-24  13:14:18
46	1	00000002		1	1	 	0	0	2015-11-24  13:14:34
47	1	00000005		1	1	 	0	0	2015-11-24  14:12:35
48	1	00000005		1	1	 	0	0	2015-11-24  14:12:54
49	1	00000005		1	1	 	0	0	2015-11-24  14:13:09
50	1	00000010		1	1	 	0	0	2015-11-24  14:13:27
51	1	00000010		1	1	 	0	0	2015-11-24  14:13:28
52	1	00000010		1	1	 	0	0	2015-11-24  14:13:39
53	1	00000010		1	1	 	0	0	2015-11-24  14:13:40
54	1	00000019		1	1	 	0	0	2015-11-24  15:21:16
55	1	00000025		1	1	 	0	0	2015-11-24  16:17:48
56	1	00000025		1	1	 	0	0	2015-11-24  16:18:00
57	1	00000010		1	1	 	0	0	2015-11-24  16:19:05
58	1	00000010		1	1	 	0	0	2015-11-24  16:19:05
59	1	00000010		1	1	 	0	0	2015-11-24  16:19:32
60	1	00000010		1	1	 	0	0	2015-11-24  16:23:42
61	1	00000002		1	1	 	0	0	2015-11-24  16:23:49
62	1	00000023		1	1	 	0	0	2015-11-24  16:29:48
63	1	00000006		1	1	 	0	0	2015-11-25  08:24:45
64	1	00000003		1	1	 	0	0	2015-11-25  08:27:19
65	1	00000005		1	1	 	0	0	2015-11-25  08:27:35
66	1	00000009		1	1	 	0	0	2015-11-25  08:28:27
67	1	00000006		1	1	 	0	0	2015-11-25  08:29:17
68	1	00000024		1	1	 	0	0	2015-11-25  08:30:43
69	1	00000022		1	1	 	0	0	2015-11-25  08:31:39
70	1	00000021		1	1	 	0	0	2015-11-25  08:32:28
71	1	00000018		1	1	 	0	0	2015-11-25  08:33:09
72	1	00000016		1	1	 	0	0	2015-11-25  08:34:33
73	1	00000025		1	1	 	0	0	2015-11-25  08:35:51
74	1	00000001		1	1	 	0	0	2015-11-25  08:39:05
75	1	00000026		1	1	 	0	0	2015-11-25  08:39:55
76	1	00000002		1	1	 	0	0	2015-11-25  08:40:35
77	1	00000009		1	1	 	0	0	2015-11-25  08:40:48
78	1	00000025		1	1	 	0	0	2015-11-25  08:40:50
79	1	00000001		1	1	 	0	0	2015-11-25  08:40:54
80	1	00000009		1	1	 	0	0	2015-11-25  08:40:58
81	1	00000007		1	1	 	0	0	2015-11-25  08:43:36
82	1	00000014		1	1	 	0	0	2015-11-25  08:43:49
83	1	00000014		1	1	 	0	0	2015-11-25  08:43:55
84	1	00000007		1	1	 	0	0	2015-11-25  08:43:57
85	1	00000009		1	1	 	0	0	2015-11-25  08:44:44
86	1	00000013		1	1	 	0	0	2015-11-25  08:45:19
87	1	00000005		1	1	 	0	0	2015-11-25  08:52:47
88	1	00000019		1	1	 	0	0	2015-11-25  09:03:59
89	1	00000021		1	1	 	0	0	2015-11-25  09:04:19
90	1	00000021		1	1	 	0	0	2015-11-25  09:04:33
91	1	00000009		1	1	 	0	0	2015-11-25  11:12:48
92	1	00000005		1	1	 	0	0	2015-11-25  17:01:06
93	1	00000003		1	1	 	0	0	2015-11-25  17:03:02
94	1	00000006		1	1	 	0	0	2015-11-25  17:11:45
95	1	00000002		1	1	 	0	0	2015-11-25  17:11:59
96	1	00000009		1	1	 	0	0	2015-11-25  17:12:17
97	1	00000007		1	1	 	0	0	2015-11-25  17:12:32
98	1	00000024		1	1	 	0	0	2015-11-25  17:12:48
99	1	00000018		1	1	 	0	0	2015-11-25  17:15:08
100	1	00000001		1	1	 	0	0	2015-11-25  17:15:42
101	1	00000022		1	1	 	0	0	2015-11-25  17:17:28
102	1	00000022		1	1	 	0	0	2015-11-25  17:17:29
103	1	00000022		1	1	 	0	0	2015-11-25  17:17:36
104	1	00000026		1	1	 	0	0	2015-11-25  17:23:48
105	1	00000025		1	1	 	0	0	2015-11-25  19:18:36
106	1	00000016		1	1	 	0	0	2015-11-25  19:19:27
107	1	00000013		1	1	 	0	0	2015-11-25  21:27:51
108	1	00000021		1	1	 	0	0	2015-11-25  22:02:07
109	1	00000023		1	1	 	0	0	2015-11-25  22:07:47
110	1	00000019		1	1	 	0	0	2015-11-25  22:17:46
111	1	00000023		1	1	 	0	0	2015-11-26  01:58:53
112	1	00000021		1	1	 	0	0	2015-11-26  01:59:31
113	1	00000024		1	1	 	0	0	2015-11-26  05:33:28
114	1	00000018		1	1	 	0	0	2015-11-26  05:33:38
115	1	00000003		1	1	 	0	0	2015-11-26  06:49:04
116	1	00000009		1	1	 	0	0	2015-11-26  06:56:23
117	1	00000025		1	1	 	0	0	2015-11-26  07:11:35
118	1	00000006		1	1	 	0	0	2015-11-26  07:18:33
119	1	00000015		1	1	 	0	0	2015-11-26  07:20:57
120	1	00000015		1	1	 	0	0	2015-11-26  07:20:58
121	1	00000015		1	1	 	0	0	2015-11-26  07:21:16
122	1	00000015		1	1	 	0	0	2015-11-26  07:21:17
123	1	00000015		1	1	 	0	0	2015-11-26  07:21:30
124	1	00000001		1	1	 	0	0	2015-11-26  07:30:11
125	1	00000002		1	1	 	0	0	2015-11-26  07:33:25
126	1	00000005		1	1	 	0	0	2015-11-26  07:49:04
127	1	00000016		1	1	 	0	0	2015-11-26  07:59:29
128	1	00000022		1	1	 	0	0	2015-11-26  08:06:35
129	1	00000007		1	1	 	0	0	2015-11-26  08:26:57
130	1	00000026		1	1	 	0	0	2015-11-26  08:57:52
131	1	00000019		1	1	 	0	0	2015-11-26  14:38:35
132	1	00000022		1	1	 	0	0	2015-11-26  17:16:17
133	1	00000007		1	1	 	0	0	2015-11-26  17:16:19
134	1	00000009		1	1	 	0	0	2015-11-26  17:16:21
135	1	00000024		1	1	 	0	0	2015-11-26  17:16:57
136	1	00000001		1	1	 	0	0	2015-11-26  17:51:54
137	1	00000006		1	1	 	0	0	2015-11-26  17:53:13
138	1	00000005		1	1	 	0	0	2015-11-26  17:54:29
139	1	00000018		1	1	 	0	0	2015-11-26  17:54:31
140	1	00000015		1	1	 	0	0	2015-11-26  17:54:54
141	1	00000026		1	1	 	0	0	2015-11-26  17:54:59
142	1	00000002		1	1	 	0	0	2015-11-26  18:02:06
143	1	00000025		1	1	 	0	0	2015-11-26  18:30:22
144	1	00000016		1	1	 	0	0	2015-11-26  19:02:38
145	1	00000019		1	1	 	0	0	2015-11-26  20:56:19
146	1	00000021		1	1	 	0	0	2015-11-26  23:34:17
147	1	00000023		1	1	 	0	0	2015-11-26  23:34:25
148	1	00000023		1	1	 	0	0	2015-11-27  01:15:51
149	1	00000021		1	1	 	0	0	2015-11-27  01:16:21
150	1	00000024		1	1	 	0	0	2015-11-27  03:53:10
151	1	00000018		1	1	 	0	0	2015-11-27  03:55:15
152	1	00000007		1	1	 	0	0	2015-11-27  04:23:03
153	1	00000009		1	1	 	0	0	2015-11-27  05:23:39
154	1	00000015		1	1	 	0	0	2015-11-27  07:08:42
155	1	00000011		1	1	 	0	0	2015-11-27  07:09:12
156	1	00000001		1	1	 	0	0	2015-11-27  07:16:58
157	1	00000006		1	1	 	0	0	2015-11-27  07:23:38
158	1	00000003		1	1	 	0	0	2015-11-27  07:28:33
159	1	00000016		1	1	 	0	0	2015-11-27  07:35:01
160	1	00000002		1	1	 	0	0	2015-11-27  07:45:02
161	1	00000025		1	1	 	0	0	2015-11-27  07:45:15
162	1	00000005		1	1	 	0	0	2015-11-27  07:46:46
163	1	00000022		1	1	 	0	0	2015-11-27  07:50:07
164	1	00000026		1	1	 	0	0	2015-11-27  08:53:08
165	1	00000019		1	1	 	0	0	2015-11-27  14:13:52
166	1	00000022		1	1	 	0	0	2015-11-27  17:07:37
167	1	00000003		1	1	 	0	0	2015-11-27  17:12:06
168	1	00000024		1	1	 	0	0	2015-11-27  17:12:33
169	1	00000025		1	1	 	0	0	2015-11-27  17:13:08
170	1	00000018		1	1	 	0	0	2015-11-27  17:13:52
171	1	00000026		1	1	 	0	0	2015-11-27  17:14:21
172	1	00000016		1	1	 	0	0	2015-11-27  17:21:57
173	1	00000006		1	1	 	0	0	2015-11-27  18:02:32
174	1	00000005		1	1	 	0	0	2015-11-27  18:13:02
175	1	00000001		1	1	 	0	0	2015-11-27  18:29:29
176	1	00000002		1	1	 	0	0	2015-11-27  20:58:04
177	1	00000021		1	1	 	0	0	2015-11-27  21:46:50
178	1	00000023		1	1	 	0	0	2015-11-27  21:50:43
179	1	00000023		1	1	 	0	0	2015-11-28  02:02:50
180	1	00000007		1	1	 	0	0	2015-11-28  03:13:27
181	1	00000009		1	1	 	0	0	2015-11-28  03:13:40
182	1	00000021		1	1	 	0	0	2015-11-28  03:32:43
183	1	00000018		1	1	 	0	0	2015-11-28  03:33:13
184	1	00000024		1	1	 	0	0	2015-11-28  03:33:41
185	1	00000019		1	1	 	0	0	2015-11-28  03:57:03
186	1	00000006		1	1	 	0	0	2015-11-28  04:31:40
187	1	00000022		1	1	 	0	0	2015-11-28  04:34:26
188	1	00000003		1	1	 	0	0	2015-11-28  05:28:15
189	1	00000003		1	1	 	0	0	2015-11-28  05:28:15
190	1	00000005		1	1	 	0	0	2015-11-28  05:28:51
191	1	00000025		1	1	 	0	0	2015-11-28  07:33:19
192	1	00000001		1	1	 	0	0	2015-11-28  07:39:52
193	1	00000013		1	1	 	0	0	2015-11-28  07:40:06
194	1	00000002		1	1	 	0	0	2015-11-28  07:40:45
195	1	00000015		1	1	 	0	0	2015-11-28  07:41:00
196	1	00000009		1	1	 	0	0	2015-11-28  07:59:10
197	1	00000016		1	1	 	0	0	2015-11-28  07:59:49
198	1	00000007		1	1	 	0	0	2015-11-28  08:56:30
199	1	00000007		1	1	 	0	0	2015-11-28  08:56:30
200	1	00000026		1	1	 	0	0	2015-11-28  09:41:34
201	1	00000026		1	1	 	0	0	2015-11-28  09:41:44
202	1	00000019		1	1	 	0	0	2015-11-28  10:33:44
203	1	00000016		1	1	 	0	0	2015-11-28  12:36:59
204	1	00000001		1	1	 	0	0	2015-11-28  16:56:36
205	1	00000026		1	1	 	0	0	2015-11-28  16:56:48
206	1	00000018		1	1	 	0	0	2015-11-28  16:57:23
207	1	00000022		1	1	 	0	0	2015-11-28  17:00:19
208	1	00000006		1	1	 	0	0	2015-11-28  17:02:16
209	1	00000024		1	1	 	0	0	2015-11-28  17:05:10
210	1	00000009		1	1	 	0	0	2015-11-28  17:05:13
211	1	00000025		1	1	 	0	0	2015-11-28  21:33:21
212	1	00000019		1	1	 	0	0	2015-11-28  22:18:32
213	1	00000003		1	1	 	0	0	2015-11-28  22:57:11
214	1	00000003		1	1	 	0	0	2015-11-28  22:57:12
215	1	00000005		1	1	 	0	0	2015-11-28  23:14:30
216	1	00000019		1	1	 	0	0	2015-11-29  18:14:28
217	1	00000019		1	1	 	0	0	2015-11-30  00:42:54
218	1	00000019		1	1	 	0	0	2015-11-30  00:42:55
219	1	00000019		1	1	 	0	0	2015-11-30  00:43:03
220	1	00000001		1	1	 	0	0	2015-11-30  01:02:05
221	1	00000023		1	1	 	0	0	2015-11-30  01:03:50
222	1	00000021		1	1	 	0	0	2015-11-30  01:06:39
223	1	00000021		1	1	 	0	0	2015-11-30  04:07:35
224	1	00000001		1	1	 	0	0	2015-11-30  04:08:57
225	1	00000023		1	1	 	0	0	2015-11-30  04:09:57
226	1	00000003		1	1	 	0	0	2015-11-30  07:55:59
227	1	00000007		1	1	 	0	0	2015-11-30  08:18:18
228	1	00000024		1	1	 	0	0	2015-11-30  08:19:30
229	1	00000018		1	1	 	0	0	2015-11-30  08:30:52
230	1	00000001		1	1	 	0	0	2015-11-30  09:31:32
231	1	00000009		1	1	 	0	0	2015-11-30  09:55:06
232	1	00000025		1	1	 	0	0	2015-11-30  10:12:54
233	1	00000026		1	1	 	0	0	2015-11-30  11:03:28
234	1	00000003		1	1	 	0	0	2015-11-30  15:39:27
235	1	00000018		1	1	 	0	0	2015-11-30  17:50:06
236	1	00000024		1	1	 	0	0	2015-11-30  17:50:09
237	1	00000009		1	1	 	0	0	2015-11-30  17:50:20
238	1	00000019		1	1	 	0	0	2015-11-30  18:17:03
239	1	00000025		1	1	 	0	0	2015-11-30  18:32:23
240	1	00000005		1	1	 	0	0	2015-11-30  20:14:50
241	1	00000019		1	1	 	0	0	2015-11-30  21:44:21
242	1	00000023		1	1	 	0	0	2015-11-30  22:24:28
243	1	00000026		1	1	 	0	0	2015-11-30  22:28:39
244	1	00000001		1	1	 	0	0	2015-11-30  22:29:31
245	1	00000021		1	1	 	0	0	2015-12-01  01:46:38
246	1	00000023		1	1	 	0	0	2015-12-01  01:50:21
247	1	00000007		1	1	 	0	0	2015-12-01  03:04:21
248	1	00000009		1	1	 	0	0	2015-12-01  03:04:23
249	1	00000024		1	1	 	0	0	2015-12-01  06:17:51
250	1	00000018		1	1	 	0	0	2015-12-01  06:27:50
251	1	00000006		1	1	 	0	0	2015-12-01  07:10:08
252	1	00000025		1	1	 	0	0	2015-12-01  07:32:46
253	1	00000002		1	1	 	0	0	2015-12-01  08:00:00
254	1	00000016		1	1	 	0	0	2015-12-01  08:00:29
255	1	00000003		1	1	 	0	0	2015-12-01  08:38:13
256	1	00000005		1	1	 	0	0	2015-12-01  08:41:25
257	1	00000001		1	1	 	0	0	2015-12-01  08:47:21
258	1	00000026		1	1	 	0	0	2015-12-01  11:26:52
259	1	00000019		1	1	 	0	0	2015-12-01  16:03:36
260	1	00000022		1	1	 	0	0	2015-12-01  17:01:32
261	1	00000016		1	1	 	0	0	2015-12-01  17:14:26
262	1	00000025		1	1	 	0	0	2015-12-01  17:15:48
263	1	00000024		1	1	 	0	0	2015-12-01  17:30:10
264	1	00000001		1	1	 	0	0	2015-12-01  17:30:15
265	1	00000006		1	1	 	0	0	2015-12-01  17:30:20
266	1	00000002		1	1	 	0	0	2015-12-01  17:31:03
267	1	00000005		1	1	 	0	0	2015-12-01  17:32:07
268	1	00000018		1	1	 	0	0	2015-12-01  17:32:13
269	1	00000003		1	1	 	0	0	2015-12-01  17:32:37
270	1	00000012		1	1	 	0	0	2015-12-01  17:41:00
271	1	00000009		1	1	 	0	0	2015-12-01  18:15:19
272	1	00000007		1	1	 	0	0	2015-12-01  19:13:14
273	1	00000007		1	1	 	0	0	2015-12-01  19:13:17
274	1	00000026		1	1	 	0	0	2015-12-01  21:08:28
275	1	00000025		1	1	 	0	0	2015-12-01  22:03:38
276	1	00000025		1	1	 	0	0	2015-12-01  22:03:43
277	1	00000021		1	1	 	0	0	2015-12-01  22:04:19
278	1	00000023		1	1	 	0	0	2015-12-01  22:11:50
279	1	00000021		1	1	 	0	0	2015-12-02  01:51:10
280	1	00000019		1	1	 	0	0	2015-12-02  02:38:09
281	1	00000024		1	1	 	0	0	2015-12-02  03:59:28
282	1	00000018		1	1	 	0	0	2015-12-02  03:59:31
283	1	00000006		1	1	 	0	0	2015-12-02  07:09:24
284	1	00000009		1	1	 	0	0	2015-12-02  07:28:22
285	1	00000003		1	1	 	0	0	2015-12-02  07:38:12
286	1	00000015		1	1	 	0	0	2015-12-02  07:38:24
287	1	00000002		1	1	 	0	0	2015-12-02  07:46:41
288	1	00000005		1	1	 	0	0	2015-12-02  07:55:26
289	1	00000016		1	1	 	0	0	2015-12-02  08:00:29
290	1	00000016		1	1	 	0	0	2015-12-02  08:00:30
291	1	00000025		1	1	 	0	0	2015-12-02  08:10:25
292	1	00000022		1	1	 	0	0	2015-12-02  08:13:29
293	1	00000001		1	1	 	0	0	2015-12-02  08:14:19
294	1	00000026		1	1	 	0	0	2015-12-02  08:48:49
295	1	00000006		1	1	 	0	0	2015-12-02  17:12:47
296	1	00000009		1	1	 	0	0	2015-12-02  17:27:55
297	1	00000022		1	1	 	0	0	2015-12-02  17:41:47
298	1	00000001		1	1	 	0	0	2015-12-02  17:55:30
299	1	00000026		1	1	 	0	0	2015-12-02  18:40:04
300	1	00000016		1	1	 	0	0	2015-12-02  19:09:25
301	1	00000002		1	1	 	0	0	2015-12-02  21:05:50
302	1	00000024		1	1	 	0	0	2015-12-02  21:05:58
303	1	00000018		1	1	 	0	0	2015-12-02  21:06:03
304	1	00000019		1	1	 	0	0	2015-12-02  21:06:23
305	1	00000023		1	1	 	0	0	2015-12-02  22:00:55
306	1	00000021		1	1	 	0	0	2015-12-02  22:01:00
307	1	00000003		1	1	 	0	0	2015-12-02  22:16:46
308	1	00000025		1	1	 	0	0	2015-12-02  22:16:49
309	1	00000005		1	1	 	0	0	2015-12-02  22:27:06
310	1	00000023		1	1	 	0	0	2015-12-03  02:01:46
311	1	00000021		1	1	 	0	0	2015-12-03  03:41:45
312	1	00000024		1	1	 	0	0	2015-12-03  05:27:53
313	1	00000007		1	1	 	0	0	2015-12-03  06:37:05
314	1	00000007		1	1	 	0	0	2015-12-03  06:37:05
315	1	00000009		1	1	 	0	0	2015-12-03  06:44:08
316	1	00000018		1	1	 	0	0	2015-12-03  07:09:40
317	1	00000006		1	1	 	0	0	2015-12-03  07:09:48
318	1	00000015		1	1	 	0	0	2015-12-03  07:41:44
319	1	00000002		1	1	 	0	0	2015-12-03  07:41:59
320	1	00000025		1	1	 	0	0	2015-12-03  07:50:42
321	1	00000016		1	1	 	0	0	2015-12-03  08:25:42
322	1	00000003		1	1	 	0	0	2015-12-03  08:32:07
323	1	00000022		1	1	 	0	0	2015-12-03  08:39:11
324	1	00000001		1	1	 	0	0	2015-12-03  09:17:21
325	1	00000005		1	1	 	0	0	2015-12-03  09:44:27
326	1	00000026		1	1	 	0	0	2015-12-03  09:47:41
327	1	00000003		1	1	 	0	0	2015-12-03  12:59:20
328	1	00000019		1	1	 	0	0	2015-12-03  13:40:21
329	1	00000019		1	1	 	0	0	2015-12-03  13:40:22
330	1	00000019		1	1	 	0	0	2015-12-03  13:40:25
331	1	00000010		1	1	 	0	0	2015-12-03  13:46:43
332	1	00000010		1	1	 	0	0	2015-12-03  13:46:44
333	1	00000010		1	1	 	0	0	2015-12-03  13:50:41
334	1	00000010		1	1	 	0	0	2015-12-03  13:56:27
335	1	00000010		1	1	 	0	0	2015-12-03  13:56:29
336	1	00000010		1	1	 	0	0	2015-12-03  13:56:30
337	1	00000010		1	1	 	0	0	2015-12-03  13:56:31
338	1	00000022		1	1	 	0	0	2015-12-03  17:19:46
339	1	00000002		1	1	 	0	0	2015-12-03  17:24:05
340	1	00000025		1	1	 	0	0	2015-12-03  17:32:34
341	1	00000009		1	1	 	0	0	2015-12-03  17:39:24
342	1	00000016		1	1	 	0	0	2015-12-03  17:41:07
343	1	00000006		1	1	 	0	0	2015-12-03  17:53:44
344	1	00000026		1	1	 	0	0	2015-12-03  18:35:14
345	1	00000005		1	1	 	0	0	2015-12-03  18:35:31
346	1	00000001		1	1	 	0	0	2015-12-03  18:36:31
347	1	00000018		1	1	 	0	0	2015-12-03  19:38:21
348	1	00000024		1	1	 	0	0	2015-12-03  19:38:42
349	1	00000023		1	1	 	0	0	2015-12-03  19:47:50
350	1	00000021		1	1	 	0	0	2015-12-03  19:56:45
351	1	00000019		1	1	 	0	0	2015-12-03  22:33:42
352	1	00000019		1	1	 	0	0	2015-12-03  22:33:43
353	1	00000019		1	1	 	0	0	2015-12-03  22:33:46
354	1	00000021		1	1	 	0	0	2015-12-04  02:59:25
355	1	00000023		1	1	 	0	0	2015-12-04  03:05:46
356	1	00000018		1	1	 	0	0	2015-12-04  04:59:16
357	1	00000024		1	1	 	0	0	2015-12-04  05:03:54
358	1	00000005		1	1	 	0	0	2015-12-04  07:11:52
359	1	00000002		1	1	 	0	0	2015-12-04  07:13:22
360	1	00000006		1	1	 	0	0	2015-12-04  07:16:55
361	1	00000015		1	1	 	0	0	2015-12-04  07:26:38
362	1	00000022		1	1	 	0	0	2015-12-04  07:32:55
363	1	00000003		1	1	 	0	0	2015-12-04  07:41:31
364	1	00000025		1	1	 	0	0	2015-12-04  07:54:27
365	1	00000001		1	1	 	0	0	2015-12-04  07:55:26
366	1	00000016		1	1	 	0	0	2015-12-04  07:57:46
367	1	00000016		1	1	 	0	0	2015-12-04  07:57:47
368	1	00000009		1	1	 	0	0	2015-12-04  08:50:50
369	1	00000026		1	1	 	0	0	2015-12-04  08:51:15
370	1	00000006		1	1	 	0	0	2015-12-04  17:56:57
371	1	00000022		1	1	 	0	0	2015-12-04  17:57:17
372	1	00000001		1	1	 	0	0	2015-12-04  17:57:40
373	1	00000005		1	1	 	0	0	2015-12-04  17:57:48
374	1	00000005		1	1	 	0	0	2015-12-04  17:57:49
375	1	00000018		1	1	 	0	0	2015-12-04  17:57:52
376	1	00000026		1	1	 	0	0	2015-12-04  17:57:59
377	1	00000024		1	1	 	0	0	2015-12-04  17:58:14
378	1	00000009		1	1	 	0	0	2015-12-04  17:58:27
379	1	00000025		1	1	 	0	0	2015-12-04  17:59:03
380	1	00000005		1	1	 	0	0	2015-12-04  17:59:14
381	1	00000005		1	1	 	0	0	2015-12-04  17:59:15
382	1	00000005		1	1	 	0	0	2015-12-04  17:59:20
383	1	00000013		1	1	 	0	0	2015-12-04  18:52:13
384	1	00000003		1	1	 	0	0	2015-12-04  19:34:07
385	1	00000019		1	1	 	0	0	2015-12-04  21:00:28
386	1	00000023		1	1	 	0	0	2015-12-04  21:05:09
387	1	00000016		1	1	 	0	0	2015-12-04  22:20:02
388	1	00000025		1	1	 	0	0	2015-12-04  22:36:55
389	1	00000023		1	1	 	0	0	2015-12-05  02:32:22
390	1	00000021		1	1	 	0	0	2015-12-05  02:32:28
391	1	00000024		1	1	 	0	0	2015-12-05  04:24:23
392	1	00000006		1	1	 	0	0	2015-12-05  04:25:10
393	1	00000018		1	1	 	0	0	2015-12-05  04:32:53
394	1	00000005		1	1	 	0	0	2015-12-05  04:47:31
395	1	00000015		1	1	 	0	0	2015-12-05  07:34:55
396	1	00000011		1	1	 	0	0	2015-12-05  07:35:09
397	1	00000013		1	1	 	0	0	2015-12-05  08:00:31
398	1	00000001		1	1	 	0	0	2015-12-05  08:06:45
399	1	00000018		1	1	 	0	0	2015-12-05  08:44:25
400	1	00000016		1	1	 	0	0	2015-12-05  08:46:43
401	1	00000007		1	1	 	0	0	2015-12-05  08:47:11
402	1	00000002		1	1	 	0	0	2015-12-05  08:51:26
403	1	00000019		1	1	 	0	0	2015-12-05  08:52:12
404	1	00000022		1	1	 	0	0	2015-12-05  09:04:53
405	1	00000025		1	1	 	0	0	2015-12-05  09:07:29
406	1	00000026		1	1	 	0	0	2015-12-05  09:10:48
407	1	00000013		1	1	 	0	0	2015-12-05  14:22:27
408	1	00000018		1	1	 	0	0	2015-12-05  17:17:06
409	1	00000025		1	1	 	0	0	2015-12-05  17:37:29
410	1	00000005		1	1	 	0	0	2015-12-05  17:50:45
411	1	00000024		1	1	 	0	0	2015-12-05  18:17:32
412	1	00000022		1	1	 	0	0	2015-12-05  18:43:27
413	1	00000026		1	1	 	0	0	2015-12-05  19:02:59
414	1	00000019		1	1	 	0	0	2015-12-05  23:26:15
415	1	00000001		1	1	 	0	0	2015-12-06  12:15:33
416	1	00000022		1	1	 	0	0	2015-12-06  12:15:40
417	1	00000018		1	1	 	0	0	2015-12-06  12:19:07
418	1	00000019		1	1	 	0	0	2015-12-06  12:26:25
419	1	00000022		1	1	 	0	0	2015-12-06  21:24:32
420	1	00000023		1	1	 	0	0	2015-12-06  22:16:53
421	1	00000021		1	1	 	0	0	2015-12-06  22:22:31
422	1	00000019		1	1	 	0	0	2015-12-06  23:41:25
423	1	00000021		1	1	 	0	0	2015-12-07  02:42:30
424	1	00000024		1	1	 	0	0	2015-12-07  03:51:21
425	1	00000018		1	1	 	0	0	2015-12-07  03:51:24
426	1	00000002		1	1	 	0	0	2015-12-07  07:17:22
427	1	00000003		1	1	 	0	0	2015-12-07  07:29:40
428	1	00000003		1	1	 	0	0	2015-12-07  07:29:41
429	1	00000007		1	1	 	0	0	2015-12-07  07:32:48
430	1	00000001		1	1	 	0	0	2015-12-07  07:50:10
431	1	00000022		1	1	 	0	0	2015-12-07  08:19:28
432	1	00000005		1	1	 	0	0	2015-12-07  08:26:28
433	1	00000026		1	1	 	0	0	2015-12-07  08:36:59
434	1	00000009		1	1	 	0	0	2015-12-07  08:37:03
435	1	00000016		1	1	 	0	0	2015-12-07  08:53:50
436	1	00000019		1	1	 	0	0	2015-12-07  10:17:53
437	1	00000022		1	1	 	0	0	2015-12-07  17:05:27
438	1	00000024		1	1	 	0	0	2015-12-07  17:18:26
439	1	00000018		1	1	 	0	0	2015-12-07  17:55:23
440	1	00000001		1	1	 	0	0	2015-12-07  18:25:49
441	1	00000016		1	1	 	0	0	2015-12-07  19:05:39
442	1	00000009		1	1	 	0	0	2015-12-07  19:08:50
443	1	00000003		1	1	 	0	0	2015-12-07  20:16:53
444	1	00000005		1	1	 	0	0	2015-12-07  20:27:56
445	1	00000026		1	1	 	0	0	2015-12-07  20:28:05
446	1	00000023		1	1	 	0	0	2015-12-07  22:34:11
447	1	00000021		1	1	 	0	0	2015-12-07  22:35:35
448	1	00000019		1	1	 	0	0	2015-12-07  23:05:53
449	1	00000007		1	1	 	0	0	2015-12-08  02:47:07
450	1	00000009		1	1	 	0	0	2015-12-08  02:47:27
451	1	00000023		1	1	 	0	0	2015-12-08  03:05:24
452	1	00000021		1	1	 	0	0	2015-12-08  03:09:56
453	1	00000024		1	1	 	0	0	2015-12-08  03:29:38
454	1	00000018		1	1	 	0	0	2015-12-08  03:31:30
455	1	00000003		1	1	 	0	0	2015-12-08  07:19:40
456	1	00000003		1	1	 	0	0	2015-12-08  07:19:41
457	1	00000005		1	1	 	0	0	2015-12-08  07:59:56
458	1	00000002		1	1	 	0	0	2015-12-08  08:05:22
459	1	00000001		1	1	 	0	0	2015-12-08  08:20:51
460	1	00000022		1	1	 	0	0	2015-12-08  08:26:38
461	1	00000016		1	1	 	0	0	2015-12-08  08:33:29
462	1	00000026		1	1	 	0	0	2015-12-08  09:12:30
463	1	00000019		1	1	 	0	0	2015-12-08  11:26:22
464	1	00000022		1	1	 	0	0	2015-12-08  17:33:18
465	1	00000009		1	1	 	0	0	2015-12-08  17:34:37
466	1	00000016		1	1	 	0	0	2015-12-08  17:50:08
467	1	00000002		1	1	 	0	0	2015-12-08  17:52:55
468	1	00000007		1	1	 	0	0	2015-12-08  17:55:28
469	1	00000007		1	1	 	0	0	2015-12-08  17:55:31
470	1	00000018		1	1	 	0	0	2015-12-08  18:01:01
471	1	00000024		1	1	 	0	0	2015-12-08  18:01:06
472	1	00000005		1	1	 	0	0	2015-12-08  18:21:16
473	1	00000003		1	1	 	0	0	2015-12-08  18:53:21
474	1	00000025		1	1	 	0	0	2015-12-08  20:48:16
475	1	00000026		1	1	 	0	0	2015-12-08  20:54:41
476	1	00000023		1	1	 	0	0	2015-12-08  22:26:15
477	1	00000021		1	1	 	0	0	2015-12-08  22:26:42
478	1	00000019		1	1	 	0	0	2015-12-08  22:28:26
479	1	00000025		1	1	 	0	0	2015-12-08  22:35:11
480	1	00000021		1	1	 	0	0	2015-12-09  04:09:24
481	1	00000023		1	1	 	0	0	2015-12-09  04:17:57
482	1	00000024		1	1	 	0	0	2015-12-09  04:19:05
483	1	00000018		1	1	 	0	0	2015-12-09  04:22:58
484	1	00000006		1	1	 	0	0	2015-12-09  06:52:05
485	1	00000005		1	1	 	0	0	2015-12-09  07:09:16
486	1	00000002		1	1	 	0	0	2015-12-09  07:30:38
487	1	00000001		1	1	 	0	0	2015-12-09  07:31:15
488	1	00000025		1	1	 	0	0	2015-12-09  07:31:55
489	1	00000003		1	1	 	0	0	2015-12-09  08:11:09
490	1	00000016		1	1	 	0	0	2015-12-09  08:17:52
491	1	00000022		1	1	 	0	0	2015-12-09  08:26:11
492	1	00000009		1	1	 	0	0	2015-12-09  09:30:04
493	1	00000026		1	1	 	0	0	2015-12-09  10:14:41
494	1	00000019		1	1	 	0	0	2015-12-09  14:13:49
495	1	00000026		1	1	 	0	0	2015-12-09  19:13:57
496	1	00000009		1	1	 	0	0	2015-12-09  19:47:58
497	1	00000001		1	1	 	0	0	2015-12-09  20:02:08
498	1	00000003		1	1	 	0	0	2015-12-09  20:02:34
499	1	00000018		1	1	 	0	0	2015-12-09  20:02:51
500	1	00000024		1	1	 	0	0	2015-12-09  20:02:58
501	1	00000022		1	1	 	0	0	2015-12-09  20:03:01
502	1	00000007		1	1	 	0	0	2015-12-09  20:03:03
503	1	00000006		1	1	 	0	0	2015-12-09  20:03:08
504	1	00000016		1	1	 	0	0	2015-12-09  21:01:43
505	1	00000021		1	1	 	0	0	2015-12-09  22:20:51
506	1	00000023		1	1	 	0	0	2015-12-09  22:21:57
507	1	00000005		1	1	 	0	0	2015-12-09  23:01:59
508	1	00000023		1	1	 	0	0	2015-12-10  02:56:31
509	1	00000021		1	1	 	0	0	2015-12-10  03:07:41
510	1	00000019		1	1	 	0	0	2015-12-10  03:13:07
511	1	00000018		1	1	 	0	0	2015-12-10  03:23:50
512	1	00000024		1	1	 	0	0	2015-12-10  03:24:02
513	1	00000025		1	1	 	0	0	2015-12-10  07:11:30
514	1	00000007		1	1	 	0	0	2015-12-10  07:14:46
515	1	00000009		1	1	 	0	0	2015-12-10  07:29:45
516	1	00000002		1	1	 	0	0	2015-12-10  07:31:41
517	1	00000003		1	1	 	0	0	2015-12-10  08:01:43
518	1	00000001		1	1	 	0	0	2015-12-10  08:04:12
519	1	00000006		1	1	 	0	0	2015-12-10  08:04:18
520	1	00000016		1	1	 	0	0	2015-12-10  08:55:16
521	1	00000005		1	1	 	0	0	2015-12-10  09:14:27
522	1	00000022		1	1	 	0	0	2015-12-10  09:14:52
523	1	00000026		1	1	 	0	0	2015-12-10  11:22:50
524	1	00000009		1	1	 	0	0	2015-12-10  17:28:38
525	1	00000022		1	1	 	0	0	2015-12-10  17:33:29
526	1	00000005		1	1	 	0	0	2015-12-10  17:50:55
527	1	00000001		1	1	 	0	0	2015-12-10  17:53:34
528	1	00000025		1	1	 	0	0	2015-12-10  18:01:20
529	1	00000006		1	1	 	0	0	2015-12-10  18:23:09
530	1	00000026		1	1	 	0	0	2015-12-10  18:36:43
531	1	00000002		1	1	 	0	0	2015-12-10  18:36:54
532	1	00000007		1	1	 	0	0	2015-12-10  19:09:25
533	1	00000024		1	1	 	0	0	2015-12-10  19:54:15
534	1	00000018		1	1	 	0	0	2015-12-10  19:54:17
535	1	00000003		1	1	 	0	0	2015-12-10  19:55:58
536	1	00000021		1	1	 	0	0	2015-12-10  22:05:39
537	1	00000023		1	1	 	0	0	2015-12-10  22:05:44
538	1	00000019		1	1	 	0	0	2015-12-11  00:43:08
539	1	00000021		1	1	 	0	0	2015-12-11  01:08:47
540	1	00000024		1	1	 	0	0	2015-12-11  05:07:40
541	1	00000018		1	1	 	0	0	2015-12-11  05:07:53
542	1	00000021		1	1	 	0	0	2015-12-11  06:37:52
543	1	00000002		1	1	 	0	0	2015-12-11  06:40:12
544	1	00000006		1	1	 	0	0	2015-12-11  07:11:52
545	1	00000003		1	1	 	0	0	2015-12-11  07:42:40
546	1	00000015		1	1	 	0	0	2015-12-11  07:46:21
547	1	00000025		1	1	 	0	0	2015-12-11  07:51:13
548	1	00000016		1	1	 	0	0	2015-12-11  07:59:47
549	1	00000016		1	1	 	0	0	2015-12-11  07:59:49
550	1	00000009		1	1	 	0	0	2015-12-11  08:03:27
551	1	00000001		1	1	 	0	0	2015-12-11  08:11:17
552	1	00000007		1	1	 	0	0	2015-12-11  08:11:40
553	1	00000007		1	1	 	0	0	2015-12-11  08:11:41
554	1	00000007		1	1	 	0	0	2015-12-11  08:11:41
555	1	00000021		1	1	 	0	0	2015-12-11  08:12:00
556	1	00000005		1	1	 	0	0	2015-12-11  08:46:38
557	1	00000022		1	1	 	0	0	2015-12-11  09:06:31
558	1	00000026		1	1	 	0	0	2015-12-11  09:11:29
559	1	00000019		1	1	 	0	0	2015-12-11  11:23:53
560	1	00000016		1	1	 	0	0	2015-12-11  17:34:23
561	1	00000019		1	1	 	0	0	2015-12-11  20:03:49
562	1	00000001		1	1	 	0	0	2015-12-11  20:34:22
563	1	00000026		1	1	 	0	0	2015-12-11  20:40:06
564	1	00000025		1	1	 	0	0	2015-12-11  23:08:49
565	1	00000009		1	1	 	0	0	2015-12-11  23:08:54
566	1	00000006		1	1	 	0	0	2015-12-11  23:08:59
567	1	00000024		1	1	 	0	0	2015-12-11  23:09:16
568	1	00000018		1	1	 	0	0	2015-12-11  23:09:20
569	1	00000022		1	1	 	0	0	2015-12-11  23:09:27
570	1	00000019		1	1	 	0	0	2015-12-11  23:09:35
571	1	00000023		1	1	 	0	0	2015-12-11  23:27:54
572	1	00000023		1	1	 	0	0	2015-12-11  23:28:24
573	1	00000021		1	1	 	0	0	2015-12-11  23:28:29
574	1	00000023		1	1	 	0	0	2015-12-12  02:57:50
575	1	00000021		1	1	 	0	0	2015-12-12  02:58:32
576	1	00000024		1	1	 	0	0	2015-12-12  03:32:11
577	1	00000018		1	1	 	0	0	2015-12-12  03:32:20
578	1	00000006		1	1	 	0	0	2015-12-12  06:14:14
579	1	00000013		1	1	 	0	0	2015-12-12  06:59:50
580	1	00000005		1	1	 	0	0	2015-12-12  07:50:10
581	1	00000025		1	1	 	0	0	2015-12-12  07:55:42
582	1	00000001		1	1	 	0	0	2015-12-12  08:04:34
583	1	00000022		1	1	 	0	0	2015-12-12  08:34:21
584	1	00000016		1	1	 	0	0	2015-12-12  08:35:13
585	1	00000009		1	1	 	0	0	2015-12-12  09:42:35
586	1	00000026		1	1	 	0	0	2015-12-12  10:59:22
587	1	00000016		1	1	 	0	0	2015-12-12  15:11:41
588	1	00000025		1	1	 	0	0	2015-12-12  17:00:09
589	1	00000005		1	1	 	0	0	2015-12-12  17:00:14
590	1	00000024		1	1	 	0	0	2015-12-12  17:00:23
591	1	00000009		1	1	 	0	0	2015-12-12  17:06:31
592	1	00000022		1	1	 	0	0	2015-12-12  17:37:55
593	1	00000006		1	1	 	0	0	2015-12-12  17:51:56
594	1	00000018		1	1	 	0	0	2015-12-12  17:52:01
595	1	00000003		1	1	 	0	0	2015-12-12  19:34:39
596	1	00000001		1	1	 	0	0	2015-12-12  23:50:43
597	1	00000026		1	1	 	0	0	2015-12-12  23:56:18
598	1	00000019		1	1	 	0	0	2015-12-13  00:15:19
599	1	00000013		1	1	 	0	0	2015-12-13  07:29:14
600	1	00000001		1	1	 	0	0	2015-12-13  13:18:45
601	1	00000026		1	1	 	0	0	2015-12-13  13:19:16
602	1	00000001		1	1	 	0	0	2015-12-13  21:01:52
603	1	00000026		1	1	 	0	0	2015-12-13  21:26:15
604	1	00000023		1	1	 	0	0	2015-12-13  23:13:24
605	1	00000021		1	1	 	0	0	2015-12-13  23:14:15
606	1	00000019		1	1	 	0	0	2015-12-13  23:27:54
607	1	00000018		1	1	 	0	0	2015-12-14  04:23:35
608	1	00000024		1	1	 	0	0	2015-12-14  04:24:10
609	1	00000021		1	1	 	0	0	2015-12-14  04:31:38
610	1	00000023		1	1	 	0	0	2015-12-14  04:52:35
611	1	00000002		1	1	 	0	0	2015-12-14  07:39:19
612	1	00000015		1	1	 	0	0	2015-12-14  07:40:43
613	1	00000009		1	1	 	0	0	2015-12-14  07:52:30
614	1	00000006		1	1	 	0	0	2015-12-14  07:52:35
615	1	00000025		1	1	 	0	0	2015-12-14  07:59:43
616	1	00000005		1	1	 	0	0	2015-12-14  08:01:20
617	1	00000001		1	1	 	0	0	2015-12-14  08:18:29
618	1	00000022		1	1	 	0	0	2015-12-14  08:27:11
619	1	00000003		1	1	 	0	0	2015-12-14  08:37:53
620	1	00000016		1	1	 	0	0	2015-12-14  08:58:00
621	1	00000026		1	1	 	0	0	2015-12-14  09:47:57
622	1	00000019		1	1	 	0	0	2015-12-14  13:09:58
623	1	00000023		1	1	 	0	0	2015-12-14  14:57:21
624	1	00000021		1	1	 	0	0	2015-12-14  15:04:07
625	1	00000010		1	1	 	0	0	2015-12-14  15:24:25
626	1	00000010		1	1	 	0	0	2015-12-14  15:24:26
627	1	00000014		1	1	 	0	0	2015-12-14  15:39:16
628	1	00000011		1	1	 	0	0	2015-12-14  16:50:21
629	1	00000014		1	1	 	0	0	2015-12-14  16:50:30
630	1	00000014		1	1	 	0	0	2015-12-14  16:50:43
631	1	00000014		1	1	 	0	0	2015-12-14  16:50:48
632	1	00000005		1	1	 	0	0	2015-12-14  19:02:42
633	1	00000024		1	1	 	0	0	2015-12-14  19:22:15
634	1	00000018		1	1	 	0	0	2015-12-14  19:22:21
635	1	00000009		1	1	 	0	0	2015-12-14  20:15:48
636	1	00000022		1	1	 	0	0	2015-12-14  20:16:07
637	1	00000017		1	1	 	0	0	2015-12-14  20:28:14
638	1	00000006		1	1	 	0	0	2015-12-14  20:29:39
639	1	00000001		1	1	 	0	0	2015-12-14  22:27:25
640	1	00000026		1	1	 	0	0	2015-12-14  22:27:30
641	1	00000025		1	1	 	0	0	2015-12-14  23:05:04
642	1	00000019		1	1	 	0	0	2015-12-15  00:58:35
643	1	00000007		1	1	 	0	0	2015-12-15  02:48:04
644	1	00000009		1	1	 	0	0	2015-12-15  02:53:56
645	1	00000018		1	1	 	0	0	2015-12-15  05:51:49
646	1	00000024		1	1	 	0	0	2015-12-15  05:54:12
647	1	00000023		1	1	 	0	0	2015-12-15  06:19:32
648	1	00000006		1	1	 	0	0	2015-12-15  07:01:55
649	1	00000001		1	1	 	0	0	2015-12-15  07:06:17
650	1	00000002		1	1	 	0	0	2015-12-15  07:41:41
651	1	00000015		1	1	 	0	0	2015-12-15  07:44:24
652	1	00000005		1	1	 	0	0	2015-12-15  07:50:22
653	1	00000005		1	1	 	0	0	2015-12-15  07:50:23
654	1	00000005		1	1	 	0	0	2015-12-15  07:50:30
655	1	00000025		1	1	 	0	0	2015-12-15  07:55:07
656	1	00000016		1	1	 	0	0	2015-12-15  08:11:19
657	1	00000016		1	1	 	0	0	2015-12-15  08:11:20
658	1	00000022		1	1	 	0	0	2015-12-15  08:30:49
659	1	00000003		1	1	 	0	0	2015-12-15  08:33:50
660	1	00000003		1	1	 	0	0	2015-12-15  08:33:51
661	1	00000026		1	1	 	0	0	2015-12-15  09:24:30
662	1	00000021		1	1	 	0	0	2015-12-15  11:36:01
663	1	00000019		1	1	 	0	0	2015-12-15  12:41:36
664	1	00000017		1	1	 	0	0	2015-12-15  16:26:56
665	1	00000023		1	1	 	0	0	2015-12-15  16:27:01
666	1	00000025		1	1	 	0	0	2015-12-15  17:15:47
667	1	00000005		1	1	 	0	0	2015-12-15  17:20:31
668	1	00000006		1	1	 	0	0	2015-12-15  17:38:27
669	1	00000024		1	1	 	0	0	2015-12-15  17:39:36
670	1	00000009		1	1	 	0	0	2015-12-15  17:46:20
671	1	00000021		1	1	 	0	0	2015-12-15  18:38:33
672	1	00000006		1	1	 	0	0	2015-12-16  07:28:17
673	1	00000011		1	1	 	0	0	2015-12-16  07:47:32
674	1	00000015		1	1	 	0	0	2015-12-16  07:47:40
675	1	00000012		1	1	 	0	0	2015-12-16  07:47:43
676	1	00000012		1	1	 	0	0	2015-12-16  07:47:44
677	1	00000014		1	1	 	0	0	2015-12-16  08:11:32
678	1	00000012		1	1	 	0	0	2015-12-16  17:07:36
679	1	00000014		1	1	 	0	0	2015-12-16  17:07:44
680	1	00000011		1	1	 	0	0	2015-12-16  17:07:51
681	1	00000010		1	1	 	0	0	2015-12-16  17:08:13
682	1	00000010		1	1	 	0	0	2015-12-16  17:08:20
683	1	00000006		1	1	 	0	0	2015-12-16  17:08:42
684	1	00000015		1	1	 	0	0	2015-12-16  17:08:46
685	1	00000006		1	1	 	0	0	2015-12-17  07:42:18
686	1	00000014		1	1	 	0	0	2015-12-17  08:18:06
687	1	00000010		1	1	 	0	0	2015-12-17  08:20:52
688	1	00000011		1	1	 	0	0	2015-12-17  08:21:03
689	1	00000015		1	1	 	0	0	2015-12-17  08:21:14
690	1	00000012		1	1	 	0	0	2015-12-17  08:21:30
691	1	00000012		1	1	 	0	0	2015-12-17  17:06:17
692	1	00000014		1	1	 	0	0	2015-12-17  17:06:30
693	1	00000006		1	1	 	0	0	2015-12-17  17:06:35
694	1	00000011		1	1	 	0	0	2015-12-17  17:06:37
695	1	00000015		1	1	 	0	0	2015-12-17  17:06:48
696	1	00000010		1	1	 	0	0	2015-12-17  17:08:15
697	1	00000006		1	1	 	0	0	2015-12-18  07:09:16
698	1	00000014		1	1	 	0	0	2015-12-18  07:40:58
699	1	00000012		1	1	 	0	0	2015-12-18  08:04:58
700	1	00000011		1	1	 	0	0	2015-12-18  08:05:02
701	1	00000015		1	1	 	0	0	2015-12-18  08:05:07
702	1	00000010		1	1	 	0	0	2015-12-18  08:05:16
703	1	00000014		1	1	 	0	0	2015-12-18  17:09:31
704	1	00000012		1	1	 	0	0	2015-12-18  17:09:35
705	1	00000010		1	1	 	0	0	2015-12-18  17:09:50
706	1	00000015		1	1	 	0	0	2015-12-18  17:09:57
707	1	00000006		1	1	 	0	0	2015-12-18  17:10:00
708	1	00000011		1	1	 	0	0	2015-12-18  17:10:26
709	1	00000006		1	1	 	0	0	2015-12-19  07:20:31
710	1	00000012		1	1	 	0	0	2015-12-19  08:11:48
711	1	00000011		1	1	 	0	0	2015-12-19  08:11:51
712	1	00000015		1	1	 	0	0	2015-12-19  08:11:55
713	1	00000013		1	1	 	0	0	2015-12-19  15:57:05
714	1	00000011		1	1	 	0	0	2015-12-19  16:41:33
715	1	00000006		1	1	 	0	0	2015-12-19  16:52:01
716	1	00000012		1	1	 	0	0	2015-12-21  07:55:44
717	1	00000011		1	1	 	0	0	2015-12-21  07:55:51
718	1	00000014		1	1	 	0	0	2015-12-21  07:59:58
719	1	00000010		1	1	 	0	0	2015-12-21  08:07:52
720	1	00000013		1	1	 	0	0	2015-12-21  15:49:37
721	1	00000011		1	1	 	0	0	2015-12-21  17:07:25
722	1	00000012		1	1	 	0	0	2015-12-21  17:07:53
723	1	00000014		1	1	 	0	0	2015-12-21  17:08:04
724	1	00000015		1	1	 	0	0	2015-12-21  17:08:09
725	1	00000010		1	1	 	0	0	2015-12-21  17:08:33
726	1	00000010		1	1	 	0	0	2015-12-21  17:08:36
727	1	00000010		1	1	 	0	0	2015-12-21  17:08:36
728	1	00000006		1	1	 	0	0	2015-12-22  06:45:26
729	1	00000011		1	1	 	0	0	2015-12-22  07:54:59
730	1	00000012		1	1	 	0	0	2015-12-22  07:55:05
731	1	00000014		1	1	 	0	0	2015-12-22  07:56:03
732	1	00000010		1	1	 	0	0	2015-12-22  08:04:13
733	1	00000010		1	1	 	0	0	2015-12-22  08:04:15
734	1	00000010		1	1	 	0	0	2015-12-22  08:04:16
735	1	00000014		1	1	 	0	0	2015-12-22  17:06:45
736	1	00000015		1	1	 	0	0	2015-12-22  17:07:01
737	1	00000011		1	1	 	0	0	2015-12-22  17:07:16
738	1	00000012		1	1	 	0	0	2015-12-22  17:07:21
739	1	00000010		1	1	 	0	0	2015-12-22  17:07:40
740	1	00000010		1	1	 	0	0	2015-12-22  17:07:44
741	1	00000006		1	1	 	0	0	2015-12-23  07:19:43
742	1	00000011		1	1	 	0	0	2015-12-23  08:04:43
743	1	00000012		1	1	 	0	0	2015-12-23  08:04:46
744	1	00000014		1	1	 	0	0	2015-12-23  08:04:54
745	1	00000015		1	1	 	0	0	2015-12-23  08:04:57
746	1	00000010		1	1	 	0	0	2015-12-23  08:15:12
747	1	00000010		1	1	 	0	0	2015-12-23  08:15:15
748	1	00000010		1	1	 	0	0	2015-12-23  08:15:16
749	1	00000012		1	1	 	0	0	2015-12-23  17:01:04
750	1	00000012		1	1	 	0	0	2015-12-23  17:01:05
751	1	00000014		1	1	 	0	0	2015-12-23  17:02:03
752	1	00000011		1	1	 	0	0	2015-12-23  17:02:12
753	1	00000015		1	1	 	0	0	2015-12-23  17:03:26
754	1	00000006		1	1	 	0	0	2015-12-23  17:05:43
755	1	00000010		1	1	 	0	0	2015-12-23  17:05:51
756	1	00000006		1	1	 	0	0	2015-12-28  07:03:06
757	1	00000012		1	1	 	0	0	2015-12-28  07:49:41
758	1	00000011		1	1	 	0	0	2015-12-28  07:49:50
759	1	00000015		1	1	 	0	0	2015-12-28  07:56:54
760	1	00000014		1	1	 	0	0	2015-12-28  08:02:21
761	1	00000010		1	1	 	0	0	2015-12-28  08:03:57
762	1	00000019		1	1	 	0	0	2015-12-28  14:56:59
763	1	00000014		1	1	 	0	0	2015-12-28  17:02:05
764	1	00000006		1	1	 	0	0	2015-12-28  17:02:57
765	1	00000015		1	1	 	0	0	2015-12-28  17:03:11
766	1	00000011		1	1	 	0	0	2015-12-28  17:03:16
767	1	00000010		1	1	 	0	0	2015-12-28  17:03:34
768	1	00000010		1	1	 	0	0	2015-12-28  17:03:35
769	1	00000011		1	1	 	0	0	2015-12-29  08:52:31
770	1	00000014		1	1	 	0	0	2015-12-29  08:52:40
771	1	00000015		1	1	 	0	0	2015-12-29  08:52:45
772	1	00000012		1	1	 	0	0	2015-12-29  08:52:52
773	1	00000006		1	1	 	0	0	2015-12-29  08:54:32
774	1	00000013		1	1	 	0	0	2015-12-29  15:15:55
775	1	00000015		1	1	 	0	0	2015-12-29  17:03:37
776	1	00000012		1	1	 	0	0	2015-12-29  17:03:44
777	1	00000011		1	1	 	0	0	2015-12-29  17:03:56
778	1	00000010		1	1	 	0	0	2015-12-29  17:03:59
779	1	00000010		1	1	 	0	0	2015-12-29  17:04:00
780	1	00000013		1	1	 	0	0	2015-12-29  17:04:48
781	1	00000006		1	1	 	0	0	2015-12-29  17:45:01
782	1	00000006		1	1	 	0	0	2016-01-04  06:47:47
783	1	00000014		1	1	 	0	0	2016-01-04  07:53:38
784	1	00000011		1	1	 	0	0	2016-01-04  07:59:40
785	1	00000015		1	1	 	0	0	2016-01-04  07:59:50
786	1	00000012		1	1	 	0	0	2016-01-04  08:01:12
787	1	00000010		1	1	 	0	0	2016-01-04  08:22:12
788	1	00000010		1	1	 	0	0	2016-01-04  08:22:13
789	1	00000013		1	1	 	0	0	2016-01-04  10:42:43
790	1	00000010		1	1	 	0	0	2016-01-04  17:08:32
791	1	00000015		1	1	 	0	0	2016-01-04  17:08:57
792	1	00000012		1	1	 	0	0	2016-01-04  17:09:04
793	1	00000006		1	1	 	0	0	2016-01-04  17:09:08
794	1	00000014		1	1	 	0	0	2016-01-04  17:09:14
795	1	00000011		1	1	 	0	0	2016-01-04  17:09:20
796	1	00000006		1	1	 	0	0	2016-01-05  07:16:34
797	1	00000012		1	1	 	0	0	2016-01-05  07:50:28
798	1	00000011		1	1	 	0	0	2016-01-05  07:50:51
799	1	00000014		1	1	 	0	0	2016-01-05  08:14:10
800	1	00000015		1	1	 	0	0	2016-01-05  08:14:19
801	1	00000010		1	1	 	0	0	2016-01-05  08:16:56
802	1	00000010		1	1	 	0	0	2016-01-05  08:16:57
803	1	00000015		1	1	 	0	0	2016-01-05  17:08:03
804	1	00000011		1	1	 	0	0	2016-01-05  17:09:06
805	1	00000012		1	1	 	0	0	2016-01-05  17:09:24
806	1	00000014		1	1	 	0	0	2016-01-05  17:09:37
807	1	00000006		1	1	 	0	0	2016-01-05  17:16:34
808	1	00000006		1	1	 	0	0	2016-01-06  07:19:46
809	1	00000011		1	1	 	0	0	2016-01-06  08:00:12
810	1	00000012		1	1	 	0	0	2016-01-06  08:00:16
811	1	00000015		1	1	 	0	0	2016-01-06  08:00:20
812	1	00000014		1	1	 	0	0	2016-01-06  08:13:58
813	1	00000013		1	1	 	0	0	2016-01-06  11:22:07
814	1	00000010		1	1	 	0	0	2016-01-06  17:11:04
815	1	00000010		1	1	 	0	0	2016-01-06  17:11:05
816	1	00000011		1	1	 	0	0	2016-01-06  17:11:15
817	1	00000015		1	1	 	0	0	2016-01-06  17:11:20
818	1	00000012		1	1	 	0	0	2016-01-06  17:11:25
819	1	00000014		1	1	 	0	0	2016-01-06  17:11:29
820	1	00000006		1	1	 	0	0	2016-01-06  17:12:29
821	1	00000006		1	1	 	0	0	2016-01-07  07:17:56
822	1	00000014		1	1	 	0	0	2016-01-07  08:11:58
823	1	00000011		1	1	 	0	0	2016-01-07  08:13:25
824	1	00000015		1	1	 	0	0	2016-01-07  08:13:31
825	1	00000012		1	1	 	0	0	2016-01-07  08:13:36
826	1	00000013		1	1	 	0	0	2016-01-07  11:01:44
827	1	00000010		1	1	 	0	0	2016-01-07  17:06:41
828	1	00000010		1	1	 	0	0	2016-01-07  17:06:44
829	1	00000010		1	1	 	0	0	2016-01-07  17:06:44
830	1	00000015		1	1	 	0	0	2016-01-07  17:06:50
831	1	00000011		1	1	 	0	0	2016-01-07  17:06:55
832	1	00000006		1	1	 	0	0	2016-01-07  17:07:02
833	1	00000012		1	1	 	0	0	2016-01-07  17:07:09
834	1	00000006		1	1	 	0	0	2016-01-08  07:42:51
835	1	00000010		1	1	 	0	0	2016-01-08  07:53:04
836	1	00000012		1	1	 	0	0	2016-01-08  07:57:52
837	1	00000011		1	1	 	0	0	2016-01-08  07:58:03
838	1	00000015		1	1	 	0	0	2016-01-08  07:58:05
839	1	00000014		1	1	 	0	0	2016-01-08  08:17:43
840	1	00000011		1	1	 	0	0	2016-01-08  17:04:16
841	1	00000010		1	1	 	0	0	2016-01-08  17:04:31
842	1	00000015		1	1	 	0	0	2016-01-08  17:04:35
843	1	00000006		1	1	 	0	0	2016-01-08  17:04:40
844	1	00000014		1	1	 	0	0	2016-01-08  17:04:47
845	1	00000012		1	1	 	0	0	2016-01-08  17:04:53
846	1	00000006		1	1	 	0	0	2016-01-09  07:10:46
847	1	00000011		1	1	 	0	0	2016-01-09  08:13:05
848	1	00000012		1	1	 	0	0	2016-01-09  08:13:07
849	1	00000015		1	1	 	0	0	2016-01-09  08:13:15
850	1	00000013		1	1	 	0	0	2016-01-09  09:23:10
851	1	00000013		1	1	 	0	0	2016-01-09  10:00:39
852	1	00000013		1	1	 	0	0	2016-01-09  10:00:44
853	1	00000012		1	1	 	0	0	2016-01-09  12:14:55
854	1	00000015		1	1	 	0	0	2016-01-09  12:34:25
855	1	00000011		1	1	 	0	0	2016-01-09  12:36:58
856	1	00000006		1	1	 	0	0	2016-01-09  13:26:20
857	1	00000006		1	1	 	0	0	2016-01-11  07:30:28
858	1	00000010		1	1	 	0	0	2016-01-11  07:48:17
859	1	00000011		1	1	 	0	0	2016-01-11  08:03:35
860	1	00000012		1	1	 	0	0	2016-01-11  08:03:37
861	1	00000015		1	1	 	0	0	2016-01-11  08:03:42
862	1	00000014		1	1	 	0	0	2016-01-11  08:14:38
863	1	00000013		1	1	 	0	0	2016-01-11  14:54:47
864	1	00000010		1	1	 	0	0	2016-01-11  17:01:52
865	1	00000012		1	1	 	0	0	2016-01-11  17:07:17
866	1	00000012		1	1	 	0	0	2016-01-11  17:07:19
867	1	00000011		1	1	 	0	0	2016-01-11  17:08:30
868	1	00000011		1	1	 	0	0	2016-01-11  17:08:32
869	1	00000011		1	1	 	0	0	2016-01-11  17:08:33
870	1	00000014		1	1	 	0	0	2016-01-11  17:08:45
871	1	00000006		1	1	 	0	0	2016-01-11  17:21:25
872	1	00000006		1	1	 	0	0	2016-01-12  07:12:28
873	1	00000012		1	1	 	0	0	2016-01-12  07:56:23
874	1	00000010		1	1	 	0	0	2016-01-12  08:04:57
875	1	00000011		1	1	 	0	0	2016-01-12  08:05:01
876	1	00000014		1	1	 	0	0	2016-01-12  08:19:11
877	1	00000011		1	1	 	0	0	2016-01-12  17:05:33
878	1	00000014		1	1	 	0	0	2016-01-12  17:06:20
879	1	00000015		1	1	 	0	0	2016-01-12  17:06:42
880	1	00000006		1	1	 	0	0	2016-01-12  17:09:46
881	1	00000006		1	1	 	0	0	2016-01-13  07:21:23
882	1	00000011		1	1	 	0	0	2016-01-13  07:52:50
883	1	00000015		1	1	 	0	0	2016-01-13  07:52:56
884	1	00000012		1	1	 	0	0	2016-01-13  07:53:03
885	1	00000014		1	1	 	0	0	2016-01-13  08:09:49
886	1	00000019		1	1	 	0	0	2016-01-13  16:51:30
887	1	00000019		1	1	 	0	0	2016-01-13  16:51:31
888	1	00000012		1	1	 	0	0	2016-01-13  17:13:15
889	1	00000014		1	1	 	0	0	2016-01-13  17:14:21
890	1	00000011		1	1	 	0	0	2016-01-13  17:14:40
891	1	00000006		1	1	 	0	0	2016-01-13  17:14:44
892	1	00000006		1	1	 	0	0	2016-01-14  07:19:35
893	1	00000011		1	1	 	0	0	2016-01-14  07:57:49
894	1	00000015		1	1	 	0	0	2016-01-14  07:58:01
895	1	00000012		1	1	 	0	0	2016-01-14  07:58:05
896	1	00000014		1	1	 	0	0	2016-01-14  08:04:15
897	1	00000010		1	1	 	0	0	2016-01-14  08:05:31
898	1	00000014		1	1	 	0	0	2016-01-14  17:06:32
899	1	00000015		1	1	 	0	0	2016-01-14  17:06:55
900	1	00000011		1	1	 	0	0	2016-01-14  17:07:13
901	1	00000012		1	1	 	0	0	2016-01-14  17:07:24
902	1	00000010		1	1	 	0	0	2016-01-14  17:07:50
903	1	00000010		1	1	 	0	0	2016-01-14  17:07:50
904	1	00000006		1	1	 	0	0	2016-01-14  17:27:53
905	1	00000006		1	1	 	0	0	2016-01-15  07:22:05
906	1	00000012		1	1	 	0	0	2016-01-15  08:05:51
907	1	00000011		1	1	 	0	0	2016-01-15  08:05:57
908	1	00000015		1	1	 	0	0	2016-01-15  08:06:00
909	1	00000014		1	1	 	0	0	2016-01-15  08:10:40
910	1	00000010		1	1	 	0	0	2016-01-15  08:12:43
911	1	00000012		1	1	 	0	0	2016-01-15  17:05:55
912	1	00000014		1	1	 	0	0	2016-01-15  17:07:34
913	1	00000015		1	1	 	0	0	2016-01-15  17:07:42
914	1	00000011		1	1	 	0	0	2016-01-15  17:08:10
915	1	00000006		1	1	 	0	0	2016-01-15  17:08:56
916	1	00000006		1	1	 	0	0	2016-01-16  07:28:54
917	1	00000013		1	1	 	0	0	2016-01-16  07:45:14
918	1	00000012		1	1	 	0	0	2016-01-16  08:08:02
919	1	00000013		1	1	 	0	0	2016-01-16  11:30:50
920	1	00000011		1	1	 	0	0	2016-01-16  11:54:39
921	1	00000012		1	1	 	0	0	2016-01-16  12:26:47
922	1	00000012		1	1	 	0	0	2016-01-16  12:26:50
923	1	00000012		1	1	 	0	0	2016-01-16  12:26:52
924	1	00000012		1	1	 	0	0	2016-01-16  12:26:54
925	1	00000012		1	1	 	0	0	2016-01-16  12:26:56
926	1	00000012		1	1	 	0	0	2016-01-16  12:27:10
927	1	00000006		1	1	 	0	0	2016-01-18  07:17:08
928	1	00000010		1	1	 	0	0	2016-01-18  07:55:42
929	1	00000012		1	1	 	0	0	2016-01-18  08:18:53
930	1	00000011		1	1	 	0	0	2016-01-18  08:18:56
931	1	00000015		1	1	 	0	0	2016-01-18  08:19:02
932	1	00000014		1	1	 	0	0	2016-01-18  08:19:05
933	1	00000013		1	1	 	0	0	2016-01-18  13:47:38
934	1	00000012		1	1	 	0	0	2016-01-18  17:06:08
935	1	00000012		1	1	 	0	0	2016-01-18  17:06:10
936	1	00000015		1	1	 	0	0	2016-01-18  17:06:53
937	1	00000014		1	1	 	0	0	2016-01-18  17:08:24
938	1	00000011		1	1	 	0	0	2016-01-18  17:08:30
939	1	00000006		1	1	 	0	0	2016-01-18  17:08:35
940	1	00000006		1	1	 	0	0	2016-01-19  07:30:04
941	1	00000012		1	1	 	0	0	2016-01-19  07:57:25
942	1	00000011		1	1	 	0	0	2016-01-19  07:57:29
943	1	00000015		1	1	 	0	0	2016-01-19  07:57:32
944	1	00000014		1	1	 	0	0	2016-01-19  08:15:15
945	1	00000010		1	1	 	0	0	2016-01-19  08:16:52
946	1	00000013		1	1	 	0	0	2016-01-19  14:15:47
947	1	00000012		1	1	 	0	0	2016-01-19  17:11:44
948	1	00000014		1	1	 	0	0	2016-01-19  17:11:51
949	1	00000010		1	1	 	0	0	2016-01-19  17:12:05
950	1	00000006		1	1	 	0	0	2016-01-19  17:12:07
951	1	00000015		1	1	 	0	0	2016-01-19  17:12:41
952	1	00000011		1	1	 	0	0	2016-01-19  17:12:43
953	1	00000006		1	1	 	0	0	2016-01-20  07:55:38
954	1	00000010		1	1	 	0	0	2016-01-20  08:08:34
955	1	00000012		1	1	 	0	0	2016-01-20  08:11:51
956	1	00000011		1	1	 	0	0	2016-01-20  08:11:56
957	1	00000015		1	1	 	0	0	2016-01-20  08:11:58
958	1	00000014		1	1	 	0	0	2016-01-20  08:23:50
959	1	00000015		1	1	 	0	0	2016-01-20  17:11:01
960	1	00000014		1	1	 	0	0	2016-01-20  17:11:08
961	1	00000010		1	1	 	0	0	2016-01-20  17:11:19
962	1	00000006		1	1	 	0	0	2016-01-20  17:11:25
963	1	00000012		1	1	 	0	0	2016-01-20  17:11:35
964	1	00000011		1	1	 	0	0	2016-01-20  17:11:48
965	1	00000006		1	1	 	0	0	2016-01-21  07:38:34
966	1	00000011		1	1	 	0	0	2016-01-21  07:51:59
967	1	00000015		1	1	 	0	0	2016-01-21  07:52:04
968	1	00000012		1	1	 	0	0	2016-01-21  07:52:20
969	1	00000010		1	1	 	0	0	2016-01-21  08:19:01
970	1	00000015		1	1	 	0	0	2016-01-21  17:07:07
971	1	00000006		1	1	 	0	0	2016-01-21  17:08:04
972	1	00000011		1	1	 	0	0	2016-01-21  17:08:41
973	1	00000010		1	1	 	0	0	2016-01-21  17:08:59
974	1	00000012		1	1	 	0	0	2016-01-21  17:09:28
975	1	00000006		1	1	 	0	0	2016-01-22  07:13:41
976	1	00000010		1	1	 	0	0	2016-01-22  08:01:46
977	1	00000012		1	1	 	0	0	2016-01-22  08:01:48
978	1	00000015		1	1	 	0	0	2016-01-22  08:01:53
979	1	00000011		1	1	 	0	0	2016-01-22  08:01:56
980	1	00000014		1	1	 	0	0	2016-01-22  08:30:38
981	1	00000012		1	1	 	0	0	2016-01-22  17:06:51
982	1	00000006		1	1	 	0	0	2016-01-22  17:06:54
983	1	00000010		1	1	 	0	0	2016-01-22  17:07:03
984	1	00000015		1	1	 	0	0	2016-01-22  17:07:28
985	1	00000015		1	1	 	0	0	2016-01-22  17:07:30
986	1	00000015		1	1	 	0	0	2016-01-22  17:07:31
987	1	00000011		1	1	 	0	0	2016-01-22  17:07:34
988	1	00000014		1	1	 	0	0	2016-01-22  17:08:19
989	1	00000006		1	1	 	0	0	2016-01-23  07:49:22
990	1	00000015		1	1	 	0	0	2016-01-23  08:14:05
991	1	00000015		1	1	 	0	0	2016-01-23  08:14:06
992	1	00000013		1	1	 	0	0	2016-01-23  08:20:02
993	1	00000011		1	1	 	0	0	2016-01-23  08:20:09
994	1	00000013		1	1	 	0	0	2016-01-23  14:17:08
995	1	00000015		1	1	 	0	0	2016-01-23  14:18:59
996	1	00000006		1	1	 	0	0	2016-01-23  14:36:48
997	1	00000006		1	1	 	0	0	2016-01-25  07:44:12
998	1	00000010		1	1	 	0	0	2016-01-25  07:46:34
999	1	00000012		1	1	 	0	0	2016-01-25  08:02:39
1000	1	00000011		1	1	 	0	0	2016-01-25  08:02:47
1001	1	00000014		1	1	 	0	0	2016-01-25  17:01:19
1002	1	00000010		1	1	 	0	0	2016-01-25  17:01:24
1003	1	00000006		1	1	 	0	0	2016-01-25  17:01:44
1004	1	00000012		1	1	 	0	0	2016-01-25  17:02:32
1005	1	00000006		1	1	 	0	0	2016-01-26  07:13:09
1006	1	00000015		1	1	 	0	0	2016-01-26  08:00:36
1007	1	00000012		1	1	 	0	0	2016-01-26  08:05:25
1008	1	00000010		1	1	 	0	0	2016-01-26  08:05:30
1009	1	00000011		1	1	 	0	0	2016-01-26  08:05:32
1010	1	00000006		1	1	 	0	0	2016-01-26  17:06:23
1011	1	00000010		1	1	 	0	0	2016-01-26  17:06:30
1012	1	00000015		1	1	 	0	0	2016-01-26  17:07:21
1013	1	00000011		1	1	 	0	0	2016-01-26  17:07:53
1014	1	00000015		1	1	 	0	0	2016-01-27  07:26:55
1015	1	00000011		1	1	 	0	0	2016-01-27  07:26:59
1016	1	00000012		1	1	 	0	0	2016-01-27  07:27:14
1017	1	00000006		1	1	 	0	0	2016-01-27  07:32:04
1018	1	00000010		1	1	 	0	0	2016-01-27  07:59:55
1019	1	00000014		1	1	 	0	0	2016-01-27  08:15:38
1020	1	00000010		1	1	 	0	0	2016-01-27  17:10:15
1021	1	00000012		1	1	 	0	0	2016-01-27  17:10:24
1022	1	00000015		1	1	 	0	0	2016-01-27  17:10:42
1023	1	00000014		1	1	 	0	0	2016-01-27  17:11:08
1024	1	00000011		1	1	 	0	0	2016-01-27  17:11:17
1025	1	00000006		1	1	 	0	0	2016-01-27  17:12:21
1026	1	00000006		1	1	 	0	0	2016-01-28  07:38:58
1027	1	00000012		1	1	 	0	0	2016-01-28  07:45:00
1028	1	00000011		1	1	 	0	0	2016-01-28  07:45:09
1029	1	00000015		1	1	 	0	0	2016-01-28  07:45:18
1030	1	00000014		1	1	 	0	0	2016-01-28  07:52:27
1031	1	00000011		1	1	 	0	0	2016-01-28  17:11:02
1032	1	00000006		1	1	 	0	0	2016-01-28  17:11:09
1033	1	00000012		1	1	 	0	0	2016-01-28  17:11:21
1034	1	00000015		1	1	 	0	0	2016-01-28  17:11:31
1035	1	00000014		1	1	 	0	0	2016-01-28  17:12:27
1036	1	00000006		1	1	 	0	0	2016-01-29  07:33:44
1037	1	00000012		1	1	 	0	0	2016-01-29  07:57:15
1038	1	00000011		1	1	 	0	0	2016-01-29  07:57:20
1039	1	00000015		1	1	 	0	0	2016-01-29  07:57:23
1040	1	00000010		1	1	 	0	0	2016-01-29  07:59:50
1041	1	00000014		1	1	 	0	0	2016-01-29  08:08:13
1042	1	00000012		1	1	 	0	0	2016-01-29  14:07:44
1043	1	00000015		1	1	 	0	0	2016-01-29  14:07:51
1044	1	00000006		1	1	 	0	0	2016-01-30  07:51:48
1045	1	00000015		1	1	 	0	0	2016-01-30  08:13:55
1046	1	00000011		1	1	 	0	0	2016-01-30  08:19:56
1047	1	00000013		1	1	 	0	0	2016-01-30  08:39:00
1048	1	00000013		1	1	 	0	0	2016-01-30  12:48:33
1049	1	00000015		1	1	 	0	0	2016-01-30  12:49:52
1050	1	00000006		1	1	 	0	0	2016-01-30  12:59:19
1051	1	00000006		1	1	 	0	0	2016-02-01  06:59:53
1052	1	00000012		1	1	 	0	0	2016-02-01  07:53:02
1053	1	00000011		1	1	 	0	0	2016-02-01  07:53:12
1054	1	00000010		1	1	 	0	0	2016-02-01  08:02:45
1055	1	00000014		1	1	 	0	0	2016-02-01  08:05:21
1056	1	00000012		1	1	 	0	0	2016-02-01  17:10:33
1057	1	00000011		1	1	 	0	0	2016-02-01  17:10:41
1058	1	00000014		1	1	 	0	0	2016-02-01  17:10:53
1059	1	00000006		1	1	 	0	0	2016-02-01  17:15:37
1060	1	00000006		1	1	 	0	0	2016-02-02  07:13:47
1061	1	00000010		1	1	 	0	0	2016-02-02  08:00:11
1062	1	00000012		1	1	 	0	0	2016-02-02  08:03:31
1063	1	00000011		1	1	 	0	0	2016-02-02  08:03:34
1064	1	00000015		1	1	 	0	0	2016-02-02  08:03:38
1065	1	00000014		1	1	 	0	0	2016-02-02  08:14:21
1066	1	00000015		1	1	 	0	0	2016-02-02  17:07:24
1067	1	00000012		1	1	 	0	0	2016-02-02  17:07:38
1068	1	00000014		1	1	 	0	0	2016-02-02  17:08:57
1069	1	00000010		1	1	 	0	0	2016-02-02  17:09:04
1070	1	00000006		1	1	 	0	0	2016-02-03  07:27:59
1071	1	00000011		1	1	 	0	0	2016-02-03  07:47:11
1072	1	00000012		1	1	 	0	0	2016-02-03  07:47:14
1073	1	00000015		1	1	 	0	0	2016-02-03  07:47:18
1074	1	00000010		1	1	 	0	0	2016-02-03  07:59:37
1075	1	00000014		1	1	 	0	0	2016-02-03  08:14:30
1076	1	00000011		1	1	 	0	0	2016-02-03  17:05:32
1077	1	00000012		1	1	 	0	0	2016-02-03  17:05:39
1078	1	00000015		1	1	 	0	0	2016-02-03  17:05:49
1079	1	00000010		1	1	 	0	0	2016-02-03  17:06:26
1080	1	00000006		1	1	 	0	0	2016-02-03  17:07:28
1081	1	00000006		1	1	 	0	0	2016-02-04  07:32:45
1082	1	00000010		1	1	 	0	0	2016-02-04  07:58:06
1083	1	00000011		1	1	 	0	0	2016-02-04  08:02:28
1084	1	00000015		1	1	 	0	0	2016-02-04  08:02:34
1085	1	00000012		1	1	 	0	0	2016-02-04  08:02:38
1086	1	00000014		1	1	 	0	0	2016-02-04  08:08:52
1087	1	00000015		1	1	 	0	0	2016-02-04  17:10:35
1088	1	00000014		1	1	 	0	0	2016-02-04  17:11:05
1089	1	00000006		1	1	 	0	0	2016-02-04  17:11:10
1090	1	00000012		1	1	 	0	0	2016-02-04  17:11:19
1091	1	00000011		1	1	 	0	0	2016-02-04  17:11:34
1092	1	00000006		1	1	 	0	0	2016-02-05  07:33:05
1093	1	00000012		1	1	 	0	0	2016-02-05  07:58:07
1094	1	00000011		1	1	 	0	0	2016-02-05  07:58:10
1095	1	00000015		1	1	 	0	0	2016-02-05  07:58:29
1096	1	00000014		1	1	 	0	0	2016-02-05  08:19:40
1097	1	00000015		1	1	 	0	0	2016-02-05  17:03:17
1098	1	00000010		1	1	 	0	0	2016-02-05  17:04:10
1099	1	00000011		1	1	 	0	0	2016-02-05  17:04:23
1100	1	00000006		1	1	 	0	0	2016-02-06  07:27:38
1101	1	00000011		1	1	 	0	0	2016-02-06  08:00:59
1102	1	00000012		1	1	 	0	0	2016-02-06  08:01:04
1103	1	00000015		1	1	 	0	0	2016-02-06  08:01:08
1104	1	00000013		1	1	 	0	0	2016-02-06  08:30:54
1105	1	00000013		1	1	 	0	0	2016-02-06  14:33:04
1106	1	00000011		1	1	 	0	0	2016-02-06  14:35:38
1107	1	00000015		1	1	 	0	0	2016-02-06  14:35:41
1108	1	00000006		1	1	 	0	0	2016-02-06  14:47:32
1109	1	00000006		1	1	 	0	0	2016-02-09  07:15:45
1110	1	00000012		1	1	 	0	0	2016-02-09  07:50:06
1111	1	00000011		1	1	 	0	0	2016-02-09  07:50:10
1112	1	00000015		1	1	 	0	0	2016-02-09  07:50:17
1113	1	00000014		1	1	 	0	0	2016-02-09  08:21:16
1114	1	00000010		1	1	 	0	0	2016-02-09  08:21:54
1115	1	00000013		1	1	 	0	0	2016-02-09  13:09:49
1116	1	00000012		1	1	 	0	0	2016-02-09  17:13:08
1117	1	00000015		1	1	 	0	0	2016-02-09  17:13:18
1118	1	00000006		1	1	 	0	0	2016-02-09  17:17:41
1119	1	00000011		1	1	 	0	0	2016-02-10  07:32:56
1120	1	00000006		1	1	 	0	0	2016-02-10  07:43:58
1121	1	00000012		1	1	 	0	0	2016-02-10  07:44:08
1122	1	00000015		1	1	 	0	0	2016-02-10  08:11:15
1123	1	00000014		1	1	 	0	0	2016-02-10  08:22:36
1124	1	00000010		1	1	 	0	0	2016-02-10  08:22:43
1125	1	00000015		1	1	 	0	0	2016-02-10  15:01:22
1126	1	00000010		1	1	 	0	0	2016-02-10  17:07:32
1127	1	00000014		1	1	 	0	0	2016-02-10  17:07:48
1128	1	00000011		1	1	 	0	0	2016-02-10  17:08:00
1129	1	00000006		1	1	 	0	0	2016-02-10  17:28:50
1130	1	00000011		1	1	 	0	0	2016-02-11  07:38:51
1131	1	00000012		1	1	 	0	0	2016-02-11  07:38:55
1132	1	00000015		1	1	 	0	0	2016-02-11  07:38:59
1133	1	00000006		1	1	 	0	0	2016-02-11  07:39:05
1134	1	00000006		1	1	 	0	0	2016-02-11  07:39:39
1135	1	00000010		1	1	 	0	0	2016-02-11  08:11:45
1136	1	00000014		1	1	 	0	0	2016-02-11  08:16:01
1137	1	00000011		1	1	 	0	0	2016-02-11  17:04:43
1138	1	00000012		1	1	 	0	0	2016-02-11  17:04:59
1139	1	00000015		1	1	 	0	0	2016-02-11  17:05:09
1140	1	00000010		1	1	 	0	0	2016-02-11  17:06:04
1141	1	00000006		1	1	 	0	0	2016-02-11  17:08:29
1142	1	00000006		1	1	 	0	0	2016-02-12  07:37:54
1143	1	00000015		1	1	 	0	0	2016-02-12  07:39:44
1144	1	00000011		1	1	 	0	0	2016-02-12  07:39:46
1145	1	00000010		1	1	 	0	0	2016-02-12  17:08:51
1146	1	00000011		1	1	 	0	0	2016-02-12  17:09:06
1147	1	00000006		1	1	 	0	0	2016-02-12  17:09:24
1148	1	00000015		1	1	 	0	0	2016-02-12  17:09:28
1149	1	00000006		1	1	 	0	0	2016-02-13  07:39:06
1150	1	00000011		1	1	 	0	0	2016-02-13  08:12:54
1151	1	00000012		1	1	 	0	0	2016-02-13  08:12:59
1152	1	00000015		1	1	 	0	0	2016-02-13  08:13:03
1153	1	00000013		1	1	 	0	0	2016-02-13  12:53:55
1154	1	00000015		1	1	 	0	0	2016-02-13  13:49:57
1155	1	00000012		1	1	 	0	0	2016-02-13  13:50:19
1156	1	00000011		1	1	 	0	0	2016-02-13  13:55:46
1157	1	00000011		1	1	 	0	0	2016-02-13  13:55:47
1158	1	00000006		1	1	 	0	0	2016-02-13  14:24:59
1159	1	00000006		1	1	 	0	0	2016-02-15  07:08:06
1160	1	00000011		1	1	 	0	0	2016-02-15  07:49:39
1161	1	00000012		1	1	 	0	0	2016-02-15  07:50:29
1162	1	00000014		1	1	 	0	0	2016-02-15  08:11:46
1163	1	00000015		1	1	 	0	0	2016-02-15  08:11:57
1164	1	00000011		1	1	 	0	0	2016-02-15  17:13:33
1165	1	00000011		1	1	 	0	0	2016-02-15  17:13:51
1166	1	00000012		1	1	 	0	0	2016-02-15  17:13:57
1167	1	00000010		1	1	 	0	0	2016-02-15  17:14:06
1168	1	00000014		1	1	 	0	0	2016-02-15  17:14:16
1169	1	00000006		1	1	 	0	0	2016-02-15  17:18:36
1170	1	00000015		1	1	 	0	0	2016-02-15  17:19:04
1171	1	00000006		1	1	 	0	0	2016-02-16  06:47:18
1172	1	00000012		1	1	 	0	0	2016-02-16  07:47:32
1173	1	00000011		1	1	 	0	0	2016-02-16  07:47:37
1174	1	00000015		1	1	 	0	0	2016-02-16  07:47:47
1175	1	00000014		1	1	 	0	0	2016-02-16  08:21:26
1176	1	00000011		1	1	 	0	0	2016-02-16  17:09:54
1177	1	00000012		1	1	 	0	0	2016-02-16  17:10:11
1178	1	00000015		1	1	 	0	0	2016-02-16  17:10:24
1179	1	00000014		1	1	 	0	0	2016-02-16  17:10:30
1180	1	00000006		1	1	 	0	0	2016-02-16  17:22:16
1181	1	00000006		1	1	 	0	0	2016-02-17  07:38:34
1182	1	00000012		1	1	 	0	0	2016-02-17  07:59:57
1183	1	00000011		1	1	 	0	0	2016-02-17  07:59:59
1184	1	00000015		1	1	 	0	0	2016-02-17  08:00:03
1185	1	00000015		1	1	 	0	0	2016-02-17  17:10:25
1186	1	00000014		1	1	 	0	0	2016-02-17  17:10:35
1187	1	00000012		1	1	 	0	0	2016-02-17  17:10:51
1188	1	00000012		1	1	 	0	0	2016-02-17  17:10:55
1189	1	00000011		1	1	 	0	0	2016-02-17  17:11:05
1190	1	00000010		1	1	 	0	0	2016-02-17  17:11:09
1191	1	00000006		1	1	 	0	0	2016-02-17  17:12:00
1192	1	00000006		1	1	 	0	0	2016-02-18  07:21:16
1193	1	00000011		1	1	 	0	0	2016-02-18  07:48:54
1194	1	00000012		1	1	 	0	0	2016-02-18  07:48:57
1195	1	00000015		1	1	 	0	0	2016-02-18  07:49:19
1196	1	00000014		1	1	 	0	0	2016-02-18  08:22:24
1197	1	00000015		1	1	 	0	0	2016-02-18  17:07:25
1198	1	00000011		1	1	 	0	0	2016-02-18  17:07:33
1199	1	00000012		1	1	 	0	0	2016-02-18  17:07:59
1200	1	00000006		1	1	 	0	0	2016-02-18  17:09:32
1201	1	00000006		1	1	 	0	0	2016-02-19  07:08:56
1202	1	00000011		1	1	 	0	0	2016-02-19  07:50:09
1203	1	00000012		1	1	 	0	0	2016-02-19  07:50:25
1204	1	00000015		1	1	 	0	0	2016-02-19  07:50:38
1205	1	00000014		1	1	 	0	0	2016-02-19  08:14:57
1206	1	00000012		1	1	 	0	0	2016-02-19  17:02:53
1207	1	00000015		1	1	 	0	0	2016-02-19  17:03:34
1208	1	00000011		1	1	 	0	0	2016-02-19  17:03:38
1209	1	00000014		1	1	 	0	0	2016-02-19  17:05:05
1210	1	00000013		1	1	 	0	0	2016-02-19  18:24:14
1211	1	00000013		1	1	 	0	0	2016-02-19  18:24:17
1212	1	00000006		1	1	 	0	0	2016-02-19  18:24:27
1213	1	00000006		1	1	 	0	0	2016-02-20  07:56:54
1214	1	00000012		1	1	 	0	0	2016-02-20  08:26:02
1215	1	00000013		1	1	 	0	0	2016-02-20  09:15:56
1216	1	00000015		1	1	 	0	0	2016-02-20  09:28:12
1217	1	00000015		1	1	 	0	0	2016-02-20  14:35:02
1218	1	00000012		1	1	 	0	0	2016-02-20  14:38:02
1219	1	00000012		1	1	 	0	0	2016-02-20  14:39:18
1220	1	00000006		1	1	 	0	0	2016-02-20  18:45:55
1221	1	00000006		1	1	 	0	0	2016-02-22  06:49:13
1222	1	00000012		1	1	 	0	0	2016-02-22  07:11:44
1223	1	00000013		1	1	 	0	0	2016-02-22  07:53:41
1224	1	00000015		1	1	 	0	0	2016-02-22  07:54:00
1225	1	00000006		1	1	 	0	0	2016-02-22  07:58:57
1226	1	00000010		1	1	 	0	0	2016-02-22  08:07:01
1227	1	00000013		1	1	 	0	0	2016-02-22  16:20:39
1228	1	00000014		1	1	 	0	0	2016-02-22  17:04:24
1229	1	00000015		1	1	 	0	0	2016-02-22  17:04:51
1230	1	00000011		1	1	 	0	0	2016-02-22  17:04:59
1231	1	00000006		1	1	 	0	0	2016-02-22  17:08:15
1232	1	00000006		1	1	 	0	0	2016-02-23  07:25:16
1233	1	00000012		1	1	 	0	0	2016-02-23  07:52:08
1234	1	00000015		1	1	 	0	0	2016-02-23  07:52:29
1235	1	00000011		1	1	 	0	0	2016-02-23  07:52:34
1236	1	00000014		1	1	 	0	0	2016-02-23  08:25:03
1237	1	00000012		1	1	 	0	0	2016-02-23  17:08:20
1238	1	00000014		1	1	 	0	0	2016-02-23  17:09:09
1239	1	00000006		1	1	 	0	0	2016-02-23  17:09:14
1240	1	00000012		1	1	 	0	0	2016-02-24  07:49:16
1241	1	00000015		1	1	 	0	0	2016-02-24  07:49:22
1242	1	00000011		1	1	 	0	0	2016-02-24  07:51:16
1243	1	00000006		1	1	 	0	0	2016-02-24  07:55:29
1244	1	00000014		1	1	 	0	0	2016-02-24  08:05:27
1245	1	00000012		1	1	 	0	0	2016-02-24  12:13:13
1246	1	00000006		1	1	 	0	0	2016-02-24  12:13:39
1247	1	00000006		1	1	 	0	0	2016-02-26  07:04:42
1248	1	00000012		1	1	 	0	0	2016-02-26  07:40:09
1249	1	00000011		1	1	 	0	0	2016-02-26  07:40:14
1250	1	00000015		1	1	 	0	0	2016-02-26  08:06:47
1251	1	00000014		1	1	 	0	0	2016-02-26  08:18:31
1252	1	00000015		1	1	 	0	0	2016-02-26  12:04:26
1253	1	00000012		1	1	 	0	0	2016-02-26  17:03:49
1254	1	00000006		1	1	 	0	0	2016-02-26  17:05:26
1255	1	00000006		1	1	 	0	0	2016-02-27  07:36:01
1256	1	00000012		1	1	 	0	0	2016-02-27  07:49:36
1257	1	00000011		1	1	 	0	0	2016-02-27  07:49:40
1258	1	00000012		1	1	 	0	0	2016-02-29  07:41:05
1259	1	00000011		1	1	 	0	0	2016-02-29  07:41:11
1260	1	00000006		1	1	 	0	0	2016-02-29  07:41:13
1261	1	00000014		1	1	 	0	0	2016-02-29  08:11:35
1262	1	00000015		1	1	 	0	0	2016-02-29  08:46:21
1263	1	00000012		1	1	 	0	0	2016-02-29  17:04:54
1264	1	00000006		1	1	 	0	0	2016-03-01  07:35:46
1265	1	00000011		1	1	 	0	0	2016-03-01  07:56:05
1266	1	00000015		1	1	 	0	0	2016-03-01  07:56:07
1267	1	00000012		1	1	 	0	0	2016-03-01  07:56:13
1268	1	00000013		1	1	 	0	0	2016-03-01  14:51:15
1269	1	00000013		1	1	 	0	0	2016-03-01  16:10:15
1270	1	00000012		1	1	 	0	0	2016-03-01  17:12:10
1271	1	00000012		1	1	 	0	0	2016-03-01  17:12:17
1272	1	00000014		1	1	 	0	0	2016-03-01  17:12:33
1273	1	00000015		1	1	 	0	0	2016-03-01  17:12:52
1274	1	00000006		1	1	 	0	0	2016-03-01  17:26:55
1275	1	00000006		1	1	 	0	0	2016-03-02  07:29:44
1276	1	00000012		1	1	 	0	0	2016-03-02  08:01:04
1277	1	00000011		1	1	 	0	0	2016-03-02  08:01:10
1278	1	00000014		1	1	 	0	0	2016-03-02  08:20:59
1279	1	00000015		1	1	 	0	0	2016-03-02  15:15:02
1280	1	00000012		1	1	 	0	0	2016-03-02  17:12:48
1281	1	00000006		1	1	 	0	0	2016-03-02  17:15:21
1282	1	00000006		1	1	 	0	0	2016-03-03  07:39:34
1283	1	00000015		1	1	 	0	0	2016-03-03  07:57:25
1284	1	00000011		1	1	 	0	0	2016-03-03  07:57:26
1285	1	00000012		1	1	 	0	0	2016-03-03  07:57:30
1286	1	00000012		1	1	 	0	0	2016-03-03  17:05:38
1287	1	00000015		1	1	 	0	0	2016-03-03  17:05:59
1288	1	00000006		1	1	 	0	0	2016-03-04  07:36:18
1289	1	00000012		1	1	 	0	0	2016-03-04  07:42:06
1290	1	00000011		1	1	 	0	0	2016-03-04  07:42:46
1291	1	00000015		1	1	 	0	0	2016-03-04  07:59:11
1292	1	00000012		1	1	 	0	0	2016-03-04  17:12:51
1293	1	00000006		1	1	 	0	0	2016-03-04  17:19:17
1294	1	00000006		1	1	 	0	0	2016-03-05  07:13:11
1295	1	00000013		1	1	 	0	0	2016-03-05  09:09:31
1296	1	00000013		1	1	 	0	0	2016-03-05  12:33:34
1297	1	00000006		1	1	 	0	0	2016-03-05  15:24:50
1298	1	00000006		1	1	 	0	0	2016-03-07  07:16:35
1299	1	00000011		1	1	 	0	0	2016-03-07  07:46:10
1300	1	00000012		1	1	 	0	0	2016-03-07  07:46:17
1301	1	00000015		1	1	 	0	0	2016-03-07  07:46:28
1302	1	00000013		1	1	 	0	0	2016-03-07  10:39:38
1303	1	00000014		1	1	 	0	0	2016-03-07  14:50:56
1304	1	00000014		1	1	 	0	0	2016-03-07  17:12:24
1305	1	00000015		1	1	 	0	0	2016-03-07  17:12:39
1306	1	00000012		1	1	 	0	0	2016-03-07  17:13:52
1307	1	00000006		1	1	 	0	0	2016-03-07  17:13:57
1308	1	00000006		1	1	 	0	0	2016-03-08  07:36:13
1309	1	00000012		1	1	 	0	0	2016-03-08  07:57:30
1310	1	00000015		1	1	 	0	0	2016-03-08  07:57:36
1311	1	00000011		1	1	 	0	0	2016-03-08  07:57:41
1312	1	00000014		1	1	 	0	0	2016-03-08  08:03:44
1313	1	00000015		1	1	 	0	0	2016-03-08  17:09:02
1314	1	00000011		1	1	 	0	0	2016-03-08  17:09:09
1315	1	00000014		1	1	 	0	0	2016-03-08  17:09:13
1316	1	00000012		1	1	 	0	0	2016-03-08  17:09:20
1317	1	00000006		1	1	 	0	0	2016-03-08  17:24:34
1318	1	00000006		1	1	 	0	0	2016-03-09  07:29:28
1319	1	00000011		1	1	 	0	0	2016-03-09  07:54:01
1320	1	00000012		1	1	 	0	0	2016-03-09  07:54:24
1321	1	00000015		1	1	 	0	0	2016-03-09  07:59:43
1322	1	00000014		1	1	 	0	0	2016-03-09  08:06:28
1323	1	00000015		1	1	 	0	0	2016-03-09  17:03:23
1324	1	00000015		1	1	 	0	0	2016-03-09  17:03:25
1325	1	00000012		1	1	 	0	0	2016-03-09  17:06:21
1326	1	00000011		1	1	 	0	0	2016-03-09  17:06:28
1327	1	00000006		1	1	 	0	0	2016-03-09  17:06:30
1328	1	00000006		1	1	 	0	0	2016-03-10  07:04:47
1329	1	00000006		1	1	 	0	0	2016-03-10  07:04:48
1330	1	00000010		1	1	 	0	0	2016-03-10  07:59:06
1331	1	00000011		1	1	 	0	0	2016-03-10  08:09:57
1332	1	00000012		1	1	 	0	0	2016-03-10  08:10:03
1333	1	00000015		1	1	 	0	0	2016-03-10  08:10:15
1334	1	00000014		1	1	 	0	0	2016-03-10  08:18:03
1335	1	00000012		1	1	 	0	0	2016-03-10  17:02:21
1336	1	00000010		1	1	 	0	0	2016-03-10  17:03:38
1337	1	00000011		1	1	 	0	0	2016-03-10  17:03:52
1338	1	00000006		1	1	 	0	0	2016-03-10  17:03:58
1339	1	00000006		1	1	 	0	0	2016-03-11  07:23:55
1340	1	00000012		1	1	 	0	0	2016-03-11  07:50:38
1341	1	00000014		1	1	 	0	0	2016-03-11  08:14:58
1342	1	00000006		1	1	 	0	0	2016-03-11  17:09:12
1343	1	00000012		1	1	 	0	0	2016-03-12  07:49:52
1344	1	00000006		1	1	 	0	0	2016-03-12  13:42:03
1345	1	00000011		1	1	 	0	0	2016-03-14  07:53:44
1346	1	00000006		1	1	 	0	0	2016-03-14  08:01:09
1347	1	00000012		1	1	 	0	0	2016-03-14  08:01:12
1348	1	00000014		1	1	 	0	0	2016-03-14  08:13:36
1349	1	00000014		1	1	 	0	0	2016-03-14  17:08:24
1350	1	00000015		1	1	 	0	0	2016-03-14  17:08:30
1351	1	00000012		1	1	 	0	0	2016-03-14  17:08:46
1352	1	00000006		1	1	 	0	0	2016-03-14  17:08:49
1353	1	00000006		1	1	 	0	0	2016-03-15  07:23:00
1354	1	00000011		1	1	 	0	0	2016-03-15  07:36:42
1355	1	00000012		1	1	 	0	0	2016-03-15  07:36:47
1356	1	00000015		1	1	 	0	0	2016-03-15  07:36:55
1357	1	00000014		1	1	 	0	0	2016-03-15  08:08:51
1358	1	00000012		1	1	 	0	0	2016-03-15  17:07:01
1359	1	00000015		1	1	 	0	0	2016-03-15  17:07:13
1360	1	00000014		1	1	 	0	0	2016-03-15  17:08:02
1361	1	00000006		1	1	 	0	0	2016-03-16  07:22:02
1362	1	00000012		1	1	 	0	0	2016-03-16  07:38:00
1363	1	00000015		1	1	 	0	0	2016-03-16  07:38:04
1364	1	00000011		1	1	 	0	0	2016-03-16  07:38:12
1365	1	00000012		1	1	 	0	0	2016-03-16  17:07:03
1366	1	00000006		1	1	 	0	0	2016-03-16  17:10:42
1367	1	00000006		1	1	 	0	0	2016-03-17  07:33:09
1368	1	00000010		1	1	 	0	0	2016-03-17  07:45:55
1369	1	00000011		1	1	 	0	0	2016-03-17  07:51:57
1370	1	00000015		1	1	 	0	0	2016-03-17  07:51:59
1371	1	00000011		1	1	 	0	0	2016-03-17  17:05:37
1372	1	00000012		1	1	 	0	0	2016-03-17  17:06:06
1373	1	00000006		1	1	 	0	0	2016-03-17  17:08:01
1374	1	00000014		1	1	 	0	0	2016-03-17  17:08:04
1375	1	00000006		1	1	 	0	0	2016-03-18  06:41:36
1376	1	00000012		1	1	 	0	0	2016-03-18  07:37:27
1377	1	00000011		1	1	 	0	0	2016-03-18  07:37:38
1378	1	00000014		1	1	 	0	0	2016-03-18  08:19:49
1379	1	00000015		1	1	 	0	0	2016-03-18  08:38:10
1380	1	00000012		1	1	 	0	0	2016-03-18  17:08:39
1381	1	00000015		1	1	 	0	0	2016-03-18  17:11:47
1382	1	00000006		1	1	 	0	0	2016-03-18  17:16:52
1383	1	00000006		1	1	 	0	0	2016-03-19  07:31:10
1384	1	00000012		1	1	 	0	0	2016-03-19  07:57:46
1385	1	00000011		1	1	 	0	0	2016-03-19  07:57:54
1386	1	00000015		1	1	 	0	0	2016-03-19  07:59:39
1387	1	00000015		1	1	 	0	0	2016-03-19  12:05:54
1388	1	00000012		1	1	 	0	0	2016-03-19  12:06:05
1389	1	00000011		1	1	 	0	0	2016-03-19  12:06:11
1390	1	00000006		1	1	 	0	0	2016-03-19  12:23:26
1391	1	00000006		1	1	 	0	0	2016-03-21  07:17:53
1392	1	00000012		1	1	 	0	0	2016-03-21  07:34:57
1393	1	00000011		1	1	 	0	0	2016-03-21  07:35:02
1394	1	00000010		1	1	 	0	0	2016-03-21  07:45:34
1395	1	00000014		1	1	 	0	0	2016-03-21  17:01:56
1396	1	00000012		1	1	 	0	0	2016-03-21  17:02:05
1397	1	00000006		1	1	 	0	0	2016-03-21  17:02:25
1398	1	00000011		1	1	 	0	0	2016-03-21  17:02:34
1399	1	00000006		1	1	 	0	0	2016-03-22  07:10:27
1400	1	00000012		1	1	 	0	0	2016-03-22  07:41:08
1401	1	00000011		1	1	 	0	0	2016-03-22  07:41:13
1402	1	00000011		1	1	 	0	0	2016-03-22  07:41:14
1403	1	00000010		1	1	 	0	0	2016-03-22  07:49:45
1404	1	00000011		1	1	 	0	0	2016-03-22  17:03:28
1405	1	00000012		1	1	 	0	0	2016-03-22  17:03:37
1406	1	00000006		1	1	 	0	0	2016-03-22  17:17:12
1407	1	00000006		1	1	 	0	0	2016-03-23  07:15:45
1408	1	00000010		1	1	 	0	0	2016-03-23  07:53:19
1409	1	00000012		1	1	 	0	0	2016-03-23  07:57:12
1410	1	00000011		1	1	 	0	0	2016-03-23  07:57:17
1411	1	00000012		1	1	 	0	0	2016-03-23  11:57:21
1412	1	00000011		1	1	 	0	0	2016-03-23  11:57:25
1413	1	00000006		1	1	 	0	0	2016-03-28  07:23:13
1414	1	00000010		1	1	 	0	0	2016-03-28  07:48:51
1415	1	00000014		1	1	 	0	0	2016-03-28  07:56:33
1416	1	00000012		1	1	 	0	0	2016-03-28  08:00:17
1417	1	00000011		1	1	 	0	0	2016-03-28  08:00:25
1418	1	00000011		1	1	 	0	0	2016-03-28  17:04:45
1419	1	00000012		1	1	 	0	0	2016-03-28  17:04:51
1420	1	00000012		1	1	 	0	0	2016-03-28  17:04:52
1421	1	00000006		1	1	 	0	0	2016-03-28  17:04:56
1422	1	00000006		1	1	 	0	0	2016-03-29  07:20:53
1423	1	00000012		1	1	 	0	0	2016-03-29  07:34:47
1424	1	00000011		1	1	 	0	0	2016-03-29  07:34:55
1425	1	00000011		1	1	 	0	0	2016-03-29  07:34:59
1426	1	00000010		1	1	 	0	0	2016-03-29  08:06:26
1427	1	00000006		1	1	 	0	0	2016-03-29  17:07:39
1428	1	00000012		1	1	 	0	0	2016-03-29  17:07:41
1429	1	00000011		1	1	 	0	0	2016-03-29  17:07:48
1430	1	00000010		1	1	 	0	0	2016-03-29  17:08:01
1431	1	00000006		1	1	 	0	0	2016-03-30  07:28:44
1432	1	00000010		1	1	 	0	0	2016-03-30  07:50:03
1433	1	00000012		1	1	 	0	0	2016-03-30  07:52:32
1434	1	00000011		1	1	 	0	0	2016-03-30  07:52:37
1435	1	00000014		1	1	 	0	0	2016-03-30  08:12:21
1436	1	00000012		1	1	 	0	0	2016-03-30  17:09:27
1437	1	00000010		1	1	 	0	0	2016-03-30  17:09:44
1438	1	00000014		1	1	 	0	0	2016-03-30  17:09:58
1439	1	00000006		1	1	 	0	0	2016-03-30  18:00:16
1440	1	00000006		1	1	 	0	0	2016-03-31  06:46:20
1441	1	00000010		1	1	 	0	0	2016-03-31  07:48:13
1442	1	00000012		1	1	 	0	0	2016-03-31  07:53:13
1443	1	00000012		1	1	 	0	0	2016-03-31  17:05:41
1444	1	00000006		1	1	 	0	0	2016-03-31  17:06:35
1445	1	00000006		1	1	 	0	0	2016-04-01  07:22:12
1446	1	00000012		1	1	 	0	0	2016-04-01  07:22:19
1447	1	00000011		1	1	 	0	0	2016-04-01  07:22:24
1448	1	00000013		1	1	 	0	0	2016-04-01  09:29:08
1449	1	00000013		1	1	 	0	0	2016-04-01  17:02:23
1450	1	00000012		1	1	 	0	0	2016-04-01  17:03:54
1451	1	00000011		1	1	 	0	0	2016-04-01  17:05:02
1452	1	00000006		1	1	 	0	0	2016-04-01  17:05:17
1453	1	00000010		1	1	 	0	0	2016-04-01  17:05:30
1454	1	00000010		1	1	 	0	0	2016-04-01  17:05:30
1455	1	00000006		1	1	 	0	0	2016-04-02  07:26:15
1456	1	00000012		1	1	 	0	0	2016-04-02  07:55:19
1457	1	00000011		1	1	 	0	0	2016-04-02  07:55:25
1458	1	00000013		1	1	 	0	0	2016-04-02  09:38:36
1459	1	00000006		1	1	 	0	0	2016-04-02  12:10:04
1460	1	00000006		1	1	 	0	0	2016-04-04  07:30:06
1461	1	00000011		1	1	 	0	0	2016-04-04  07:43:25
1462	1	00000012		1	1	 	0	0	2016-04-04  07:43:39
1463	1	00000010		1	1	 	0	0	2016-04-04  07:45:34
1464	1	00000013		1	1	 	0	0	2016-04-04  16:43:32
1465	1	00000012		1	1	 	0	0	2016-04-04  17:04:45
1466	1	00000010		1	1	 	0	0	2016-04-04  17:06:51
1467	1	00000006		1	1	 	0	0	2016-04-05  07:36:39
1468	1	00000011		1	1	 	0	0	2016-04-05  07:52:20
1469	1	00000012		1	1	 	0	0	2016-04-05  07:52:25
1470	1	00000015		1	1	 	0	0	2016-04-05  07:54:20
1471	1	00000010		1	1	 	0	0	2016-04-05  07:56:21
1472	1	00000013		1	1	 	0	0	2016-04-05  10:00:12
1473	1	00000015		1	1	 	0	0	2016-04-05  17:05:00
1474	1	00000012		1	1	 	0	0	2016-04-05  17:06:23
1475	1	00000006		1	1	 	0	0	2016-04-06  07:36:08
1476	1	00000010		1	1	 	0	0	2016-04-06  07:48:59
1477	1	00000010		1	1	 	0	0	2016-04-06  07:49:00
1478	1	00000012		1	1	 	0	0	2016-04-06  07:52:46
1479	1	00000015		1	1	 	0	0	2016-04-06  07:52:50
1480	1	00000011		1	1	 	0	0	2016-04-06  07:52:52
1481	1	00000012		1	1	 	0	0	2016-04-06  17:03:30
1482	1	00000011		1	1	 	0	0	2016-04-06  17:04:08
1483	1	00000010		1	1	 	0	0	2016-04-06  17:04:35
1484	1	00000006		1	1	 	0	0	2016-04-07  07:17:44
1485	1	00000010		1	1	 	0	0	2016-04-07  07:50:50
1486	1	00000011		1	1	 	0	0	2016-04-07  07:52:45
1487	1	00000012		1	1	 	0	0	2016-04-07  07:52:52
1488	1	00000012		1	1	 	0	0	2016-04-07  17:09:05
1489	1	00000015		1	1	 	0	0	2016-04-07  17:09:09
1490	1	00000006		1	1	 	0	0	2016-04-08  07:35:23
1491	1	00000010		1	1	 	0	0	2016-04-08  07:54:04
1492	1	00000012		1	1	 	0	0	2016-04-08  07:59:50
1493	1	00000011		1	1	 	0	0	2016-04-08  07:59:55
1494	1	00000010		1	1	 	0	0	2016-04-08  17:03:53
1495	1	00000015		1	1	 	0	0	2016-04-08  17:04:43
1496	1	00000012		1	1	 	0	0	2016-04-08  17:05:02
1497	1	00000006		1	1	 	0	0	2016-04-08  17:05:08
1498	1	00000011		1	1	 	0	0	2016-04-08  17:05:20
1499	1	00000006		1	1	 	0	0	2016-04-11  07:13:24
1500	1	00000012		1	1	 	0	0	2016-04-11  07:38:47
1501	1	00000011		1	1	 	0	0	2016-04-11  07:38:52
1502	1	00000010		1	1	 	0	0	2016-04-11  07:57:38
1503	1	00000006		1	1	 	0	0	2016-04-11  07:57:53
1504	1	00000015		1	1	 	0	0	2016-04-11  08:01:21
1505	1	00000013		1	1	 	0	0	2016-04-11  09:14:06
1506	1	00000006		1	1	 	0	0	2016-04-11  17:00:23
1507	1	00000015		1	1	 	0	0	2016-04-11  17:00:43
1508	1	00000012		1	1	 	0	0	2016-04-11  17:03:06
1509	1	00000010		1	1	 	0	0	2016-04-11  17:03:09
1510	1	00000011		1	1	 	0	0	2016-04-11  17:03:21
1511	1	00000006		1	1	 	0	0	2016-04-11  18:08:35
1512	1	00000006		1	1	 	0	0	2016-04-12  07:31:50
1513	1	00000006		1	1	 	0	0	2016-04-12  07:40:28
1514	1	00000012		1	1	 	0	0	2016-04-12  07:47:56
1515	1	00000011		1	1	 	0	0	2016-04-12  07:48:01
1516	1	00000015		1	1	 	0	0	2016-04-12  07:48:04
1517	1	00000010		1	1	 	0	0	2016-04-12  08:01:25
1518	1	00000012		1	1	 	0	0	2016-04-12  17:00:26
1519	1	00000011		1	1	 	0	0	2016-04-12  17:00:35
1520	1	00000010		1	1	 	0	0	2016-04-12  17:00:49
1521	1	00000006		1	1	 	0	0	2016-04-12  17:01:01
1522	1	00000015		1	1	 	0	0	2016-04-12  17:01:05
1523	1	00000006		1	1	 	0	0	2016-04-12  17:01:08
1524	1	00000006		1	1	 	0	0	2016-04-13  07:18:37
1525	1	00000006		1	1	 	0	0	2016-04-13  07:21:38
1526	1	00000012		1	1	 	0	0	2016-04-13  07:50:00
1527	1	00000011		1	1	 	0	0	2016-04-13  07:50:02
1528	1	00000015		1	1	 	0	0	2016-04-13  07:50:09
1529	1	00000010		1	1	 	0	0	2016-04-13  07:57:37
1530	1	00000006		1	1	 	0	0	2016-04-13  17:02:36
1531	1	00000015		1	1	 	0	0	2016-04-13  17:02:54
1532	1	00000012		1	1	 	0	0	2016-04-13  17:06:58
1533	1	00000010		1	1	 	0	0	2016-04-13  17:08:17
1534	1	00000006		1	1	 	0	0	2016-04-13  17:08:32
1535	1	00000006		1	1	 	0	0	2016-04-14  07:26:36
1536	1	00000012		1	1	 	0	0	2016-04-14  07:39:56
1537	1	00000015		1	1	 	0	0	2016-04-14  07:40:03
1538	1	00000010		1	1	 	0	0	2016-04-14  07:55:03
1539	1	00000006		1	1	 	0	0	2016-04-14  08:18:07
1540	1	00000011		1	1	 	0	0	2016-04-14  10:34:09
1541	1	00000012		1	1	 	0	0	2016-04-14  17:03:05
1542	1	00000010		1	1	 	0	0	2016-04-14  17:03:16
1543	1	00000006		1	1	 	0	0	2016-04-14  17:48:45
1544	1	00000006		1	1	 	0	0	2016-04-15  07:15:43
1545	1	00000006		1	1	 	0	0	2016-04-15  07:20:03
1546	1	00000010		1	1	 	0	0	2016-04-15  07:52:03
1547	1	00000011		1	1	 	0	0	2016-04-15  07:54:34
1548	1	00000015		1	1	 	0	0	2016-04-15  07:54:43
1549	1	00000012		1	1	 	0	0	2016-04-15  07:54:57
1550	1	00000011		1	1	 	0	0	2016-04-15  15:04:30
1551	1	00000010		1	1	 	0	0	2016-04-15  17:05:02
1552	1	00000012		1	1	 	0	0	2016-04-15  17:05:08
1553	1	00000015		1	1	 	0	0	2016-04-15  17:05:22
1554	1	00000015		1	1	 	0	0	2016-04-15  17:05:25
1555	1	00000006		1	1	 	0	0	2016-04-15  18:01:46
1556	1	00000006		1	1	 	0	0	2016-04-15  18:15:26
1557	1	00000006		1	1	 	0	0	2016-04-16  07:10:03
1558	1	00000006		1	1	 	0	0	2016-04-16  07:14:34
1559	1	00000006		1	1	 	0	0	2016-04-16  08:00:26
1560	1	00000015		1	1	 	0	0	2016-04-16  12:06:14
1561	1	00000006		1	1	 	0	0	2016-04-16  13:20:46
1562	1	00000006		1	1	 	0	0	2016-04-16  16:29:43
1563	1	00000010		1	1	 	0	0	2016-04-18  07:49:59
1564	1	00000006		1	1	 	0	0	2016-04-18  08:00:37
1565	1	00000012		1	1	 	0	0	2016-04-18  08:02:00
1566	1	00000015		1	1	 	0	0	2016-04-18  08:02:06
1567	1	00000011		1	1	 	0	0	2016-04-18  08:02:07
1568	1	00000012		1	1	 	0	0	2016-04-18  17:06:46
1569	1	00000006		1	1	 	0	0	2016-04-18  17:07:10
1570	1	00000010		1	1	 	0	0	2016-04-18  17:07:31
1571	1	00000015		1	1	 	0	0	2016-04-18  17:08:15
1572	1	00000006		1	1	 	0	0	2016-04-18  17:13:58
1573	1	00000010		1	1	 	0	0	2016-04-19  07:50:19
1574	1	00000011		1	1	 	0	0	2016-04-19  07:53:20
1575	1	00000012		1	1	 	0	0	2016-04-19  07:53:25
1576	1	00000015		1	1	 	0	0	2016-04-19  07:53:38
1577	1	00000006		1	1	 	0	0	2016-04-19  08:09:43
1578	1	00000012		1	1	 	0	0	2016-04-19  17:03:16
1579	1	00000010		1	1	 	0	0	2016-04-19  17:04:12
1580	1	00000006		1	1	 	0	0	2016-04-19  17:05:00
1581	1	00000006		1	1	 	0	0	2016-04-19  17:51:17
1582	1	00000006		1	1	 	0	0	2016-04-20  07:14:05
1583	1	00000015		1	1	 	0	0	2016-04-20  07:14:33
1584	1	00000012		1	1	 	0	0	2016-04-20  07:52:30
1585	1	00000011		1	1	 	0	0	2016-04-20  07:52:37
1586	1	00000010		1	1	 	0	0	2016-04-20  08:07:26
1587	1	00000006		1	1	 	0	0	2016-04-20  08:53:42
1588	1	00000011		1	1	 	0	0	2016-04-20  17:09:08
1589	1	00000015		1	1	 	0	0	2016-04-20  17:09:18
1590	1	00000012		1	1	 	0	0	2016-04-20  17:09:37
1591	1	00000010		1	1	 	0	0	2016-04-20  17:11:32
1592	1	00000010		1	1	 	0	0	2016-04-20  17:11:33
1593	1	00000006		1	1	 	0	0	2016-04-20  17:11:43
1594	1	00000006		1	1	 	0	0	2016-04-21  07:07:27
1595	1	00000010		1	1	 	0	0	2016-04-21  07:52:35
1596	1	00000010		1	1	 	0	0	2016-04-21  07:52:36
1597	1	00000012		1	1	 	0	0	2016-04-21  08:00:40
1598	1	00000011		1	1	 	0	0	2016-04-21  08:00:45
1599	1	00000010		1	1	 	0	0	2016-04-21  17:05:52
1600	1	00000010		1	1	 	0	0	2016-04-21  17:05:53
1601	1	00000012		1	1	 	0	0	2016-04-21  17:06:33
1602	1	00000006		1	1	 	0	0	2016-04-21  20:46:41
1603	1	00000006		1	1	 	0	0	2016-04-22  07:16:29
1604	1	00000011		1	1	 	0	0	2016-04-22  07:57:28
1605	1	00000012		1	1	 	0	0	2016-04-22  07:57:38
1606	1	00000015		1	1	 	0	0	2016-04-22  07:57:41
1607	1	00000010		1	1	 	0	0	2016-04-22  08:20:33
1608	1	00000015		1	1	 	0	0	2016-04-22  17:12:45
1609	1	00000015		1	1	 	0	0	2016-04-22  17:12:46
1610	1	00000015		1	1	 	0	0	2016-04-22  17:12:48
1611	1	00000012		1	1	 	0	0	2016-04-22  17:12:54
1612	1	00000010		1	1	 	0	0	2016-04-22  17:13:59
1613	1	00000006		1	1	 	0	0	2016-04-22  18:19:40
1614	1	00000006		1	1	 	0	0	2016-04-23  06:54:45
1615	1	00000015		1	1	 	0	0	2016-04-23  12:16:59
1616	1	00000006		1	1	 	0	0	2016-04-23  12:57:35
1617	1	00000006		1	1	 	0	0	2016-04-23  12:57:36
1618	1	00000006		1	1	 	0	0	2016-04-25  07:07:32
1619	1	00000011		1	1	 	0	0	2016-04-25  08:06:11
1620	1	00000012		1	1	 	0	0	2016-04-25  08:06:17
1621	1	00000015		1	1	 	0	0	2016-04-25  08:06:21
1622	1	00000010		1	1	 	0	0	2016-04-25  08:26:43
1623	1	00000013		1	1	 	0	0	2016-04-25  08:52:38
1624	1	00000010		1	1	 	0	0	2016-04-25  17:09:44
1625	1	00000025		1	1	 	0	0	2016-04-25  17:15:30
1626	1	00000025		1	1	 	0	0	2016-04-25  17:15:35
1627	1	00000006		1	1	 	0	0	2016-04-25  21:11:40
1628	1	00000006		1	1	 	0	0	2016-04-26  07:23:56
1629	1	00000011		1	1	 	0	0	2016-04-26  07:50:07
1630	1	00000012		1	1	 	0	0	2016-04-26  07:50:11
1631	1	00000015		1	1	 	0	0	2016-04-26  07:50:17
1632	1	00000010		1	1	 	0	0	2016-04-26  08:00:34
1633	1	00000013		1	1	 	0	0	2016-04-26  09:55:19
1634	1	00000012		1	1	 	0	0	2016-04-26  17:09:07
1635	1	00000011		1	1	 	0	0	2016-04-26  17:09:47
1636	1	00000006		1	1	 	0	0	2016-04-26  17:30:25
1637	1	00000006		1	1	 	0	0	2016-04-27  07:17:17
1638	1	00000011		1	1	 	0	0	2016-04-27  07:58:07
1639	1	00000012		1	1	 	0	0	2016-04-27  08:00:09
1640	1	00000010		1	1	 	0	0	2016-04-27  08:00:25
1641	1	00000014		1	1	 	0	0	2016-04-27  14:51:13
1642	1	00000010		1	1	 	0	0	2016-04-27  14:51:22
1643	1	00000010		1	1	 	0	0	2016-04-27  14:51:24
1644	1	00000004		1	1	 	0	0	2016-04-27  14:55:30
1645	1	00000004		1	1	 	0	0	2016-04-27  14:58:24
1646	1	00000004		1	1	 	0	0	2016-04-27  14:59:34
1647	1	00000004		1	1	 	0	0	2016-04-27  14:59:37
1648	1	00000004		1	1	 	0	0	2016-04-27  14:59:39
1649	1	00000004		1	1	 	0	0	2016-04-27  14:59:42
1650	1	00000004		1	1	 	0	0	2016-04-27  15:04:20
1651	1	00000004		1	1	 	0	0	2016-04-27  15:13:05
1652	1	00000004		1	1	 	0	0	2016-04-27  15:13:07
1653	1	00000010		1	1	 	0	0	2016-04-27  15:17:56
1654	1	00000010		1	1	 	0	0	2016-04-27  15:17:58
1655	1	00000010		1	1	 	0	0	2016-04-27  15:17:59
1656	1	00000010		1	1	 	0	0	2016-04-27  15:17:59
